>M0	8.19294171818024	2.3642838832989474E-5	8.83955472431
0.9334 0.0251 0.0202 0.0213
0.9358 0.0186 0.0265 0.0191
0.0284 0.042 0.0156 0.914
0.0401 0.1058 0.7996 0.0545
0.0365 0.0423 0.8985 0.0227
0.9567 0.0115 0.0142 0.0175
0.8884 0.0622 0.0208 0.0287
0.0396 0.0224 0.0126 0.9254

>M1	8.47562747574787	2.115411895583269E-5	8.28463989262
0.1034 0.0251 0.8225 0.049
0.9448 0.0196 0.0213 0.0142
0.9423 0.0176 0.0225 0.0176
0.0267 0.0299 0.0142 0.9291
0.0465 0.112 0.7843 0.0571
0.0319 0.0425 0.9042 0.0213
0.9565 0.0128 0.0131 0.0176
0.8894 0.0637 0.0196 0.0273

>M2	8.449301850666497	2.3642838832989474E-5	8.20297843675
0.9436 0.0117 0.0279 0.0167
0.0225 0.0314 0.015 0.9311
0.0437 0.0125 0.9242 0.0196
0.0304 0.0404 0.9074 0.0218
0.9562 0.0111 0.0142 0.0186
0.8702 0.0805 0.0189 0.0304
0.0358 0.0167 0.0117 0.9358
0.0411 0.7339 0.1456 0.0794

>M3	8.816808026064134	2.3642838832989474E-5	7.83707147639
0.0279 0.0211 0.0174 0.9337
0.0263 0.0133 0.944 0.0163
0.0362 0.0498 0.8887 0.0253
0.9524 0.0122 0.0154 0.02
0.9273 0.0326 0.0185 0.0216
0.0326 0.0133 0.0163 0.9378
0.043 0.8679 0.0305 0.0587
0.7771 0.0258 0.1744 0.0227

>M4	9.00642725471939	2.3642838832989474E-5	7.75811664746
0.0352 0.6978 0.1505 0.1165
0.1312 0.021 0.7911 0.0567
0.9444 0.0167 0.0243 0.0145
0.9515 0.0112 0.0202 0.0171
0.0175 0.0164 0.0134 0.9527
0.0314 0.0104 0.9384 0.0198
0.0397 0.0314 0.906 0.0228
0.9403 0.0126 0.0145 0.0326

>M5	8.974098774632214	2.4887198771567867E-5	7.68858265186
0.0288 0.0309 0.0139 0.9263
0.0292 0.7162 0.146 0.1087
0.1362 0.019 0.7924 0.0524
0.9433 0.0162 0.0258 0.0147
0.9511 0.0104 0.0211 0.0175
0.0211 0.0175 0.0124 0.949
0.0262 0.0112 0.9437 0.019
0.0407 0.0336 0.9016 0.0241

>M6	8.132795735617712	3.1108998464459835E-5	7.58931245723
0.0439 0.0103 0.9317 0.014
0.0413 0.0617 0.8683 0.0287
0.9509 0.0109 0.0198 0.0185
0.9261 0.0223 0.0274 0.0242
0.0242 0.014 0.0153 0.9464
0.0471 0.8511 0.0191 0.0827
0.9216 0.0242 0.042 0.0121
0.131 0.0382 0.0211 0.8098

>M7	7.471755906430879	3.608643821877341E-5	7.52200659133
0.0436 0.0783 0.8433 0.0349
0.9545 0.0118 0.0183 0.0154
0.9299 0.0248 0.0306 0.0147
0.0234 0.0139 0.0139 0.9487
0.0472 0.8489 0.0162 0.0877
0.9126 0.0248 0.0464 0.0162
0.0537 0.0407 0.0104 0.8952
0.0162 0.8829 0.0162 0.0848

>M8	8.24910004970899	2.4887198771567867E-5	7.46184091253
0.8354 0.1167 0.0314 0.0164
0.9372 0.0224 0.0262 0.0141
0.0224 0.0216 0.0134 0.9426
0.0285 0.9056 0.0149 0.0511
0.9184 0.0239 0.0465 0.0112
0.0511 0.0383 0.0134 0.8973
0.0171 0.9395 0.0119 0.0314
0.7155 0.0149 0.1966 0.073

>M9	7.962445856578022	2.7375918648724654E-5	7.44467524927
0.0096 0.9202 0.0149 0.0553
0.9562 0.014 0.0158 0.014
0.0166 0.0255 0.0113 0.9465
0.0606 0.7971 0.0096 0.1327
0.1635 0.0211 0.7356 0.0799
0.9035 0.0395 0.0395 0.0175
0.9562 0.0113 0.0193 0.0132
0.0166 0.0158 0.0132 0.9544

>M10	7.741377652539892	2.613155871014626E-5	7.34798888409
0.0274 0.0299 0.0121 0.9306
0.0189 0.9153 0.0138 0.0519
0.9551 0.0121 0.0156 0.0172
0.0156 0.0265 0.0105 0.9474
0.0299 0.7858 0.0257 0.1586
0.151 0.0316 0.7392 0.0782
0.9009 0.0367 0.0418 0.0206
0.9577 0.0121 0.0172 0.013

>M11	8.350024627877598	2.613155871014626E-5	7.25588431555
0.8782 0.052 0.0508 0.019
0.0202 0.0273 0.0108 0.9417
0.0379 0.8629 0.0166 0.0826
0.8912 0.0308 0.0673 0.0108
0.0732 0.0273 0.0119 0.8876
0.0213 0.9135 0.0166 0.0485
0.9194 0.0119 0.0096 0.059
0.0096 0.0261 0.039 0.9253

>M12	7.753491039872227	3.359771834161662E-5	6.97448686962
0.0213 0.0355 0.0096 0.9337
0.0096 0.8948 0.0342 0.0613
0.9155 0.02 0.0523 0.0122
0.0782 0.0342 0.0148 0.8728
0.02 0.9297 0.0109 0.0394
0.8974 0.0148 0.0187 0.0691
0.0174 0.0213 0.0148 0.9465
0.0782 0.8417 0.0252 0.0549

>M13	8.352492656574988	2.4887198771567867E-5	6.28894281764
0.0163 0.0512 0.0204 0.912
0.0137 0.0137 0.9617 0.011
0.0929 0.0177 0.8341 0.0553
0.0244 0.0364 0.0432 0.896
0.0137 0.0137 0.959 0.0137
0.0942 0.0204 0.8596 0.0258
0.0137 0.0499 0.0378 0.8987
0.0123 0.0096 0.9228 0.0553

>M14	8.041352318572276	2.239847889441108E-5	6.22865657894
0.8912 0.0096 0.0096 0.0895
0.0096 0.8724 0.0261 0.0919
0.0331 0.099 0.0096 0.8584
0.0166 0.9171 0.0096 0.0566
0.0731 0.0308 0.8677 0.0285
0.9312 0.0355 0.0213 0.0119
0.9288 0.0213 0.0213 0.0285
0.0402 0.0237 0.019 0.917

>M15	8.428846743067801	2.239847889441108E-5	6.17043339237
0.0377 0.0237 0.901 0.0377
0.9502 0.0201 0.0201 0.0096
0.9466 0.0096 0.0131 0.0307
0.0271 0.0166 0.0166 0.9396
0.0762 0.8905 0.0096 0.0237
0.8519 0.0412 0.0096 0.0973
0.901 0.0096 0.0798 0.0096
0.8764 0.0096 0.0482 0.0658

>M16	7.988261499353584	3.359771834161662E-5	6.04102599519
0.0096 0.8998 0.018 0.0726
0.8851 0.0243 0.081 0.0096
0.0432 0.0558 0.0138 0.8872
0.0222 0.9417 0.0117 0.0243
0.9334 0.018 0.0222 0.0264
0.0243 0.0201 0.0117 0.9438
0.0831 0.8053 0.0264 0.0852
0.0096 0.0516 0.8514 0.0873

>M17	8.121347051133164	2.8620278587303048E-5	5.9338350944
0.8994 0.0096 0.0138 0.0771
0.8658 0.0181 0.0264 0.0897
0.0264 0.0138 0.0307 0.929
0.0307 0.908 0.0307 0.0307
0.9247 0.0138 0.0138 0.0476
0.0602 0.0476 0.0181 0.8741
0.0264 0.0096 0.0434 0.9206
0.0096 0.0223 0.9416 0.0264

>M18	8.750484536828715	2.3642838832989474E-5	5.93178018421
0.0288 0.0288 0.9113 0.0312
0.8802 0.0192 0.0144 0.0861
0.0096 0.8779 0.0288 0.0837
0.0407 0.1053 0.0144 0.8396
0.0263 0.9137 0.0096 0.0503
0.0718 0.0312 0.8683 0.0288
0.9472 0.0096 0.0288 0.0144
0.9448 0.0168 0.0239 0.0144

>M19	7.5216335349228665	4.728567766597895E-5	5.84845922703
0.932 0.0313 0.0096 0.027
0.9363 0.0227 0.0227 0.0183
0.7711 0.0227 0.0139 0.1923
0.0749 0.0096 0.0923 0.8232
0.0444 0.0096 0.9146 0.0313
0.9451 0.0096 0.0096 0.0357
0.9319 0.0227 0.0227 0.0227
0.7884 0.0227 0.0096 0.1793

>M20	8.461699768909611	2.239847889441108E-5	5.7927719758
0.018 0.0763 0.0152 0.8905
0.0374 0.0096 0.9156 0.0374
0.0763 0.0096 0.885 0.029
0.9127 0.0236 0.0152 0.0486
0.91 0.0096 0.0513 0.029
0.1986 0.0402 0.0152 0.7461
0.0874 0.0096 0.0096 0.8934
0.0096 0.054 0.9073 0.029

>M21	8.258848279922304	2.613155871014626E-5	5.53170784431
0.0216 0.0577 0.0096 0.9111
0.6707 0.0697 0.238 0.0216
0.9651 0.0096 0.0157 0.0096
0.9532 0.0096 0.0096 0.0276
0.0216 0.0157 0.0216 0.9411
0.0516 0.0157 0.9111 0.0216
0.0096 0.887 0.0817 0.0216
0.9471 0.0216 0.0216 0.0096

>M22	7.837974367123657	3.484207828019502E-5	5.25202423391
0.1759 0.0096 0.0096 0.8049
0.0168 0.0313 0.9278 0.024
0.8915 0.0675 0.0313 0.0096
0.935 0.0313 0.024 0.0096
0.0096 0.0096 0.0458 0.935
0.1759 0.0096 0.0096 0.8049
0.0386 0.0168 0.9278 0.0168
0.9206 0.024 0.0313 0.024

>M23	8.071926740599856	2.3642838832989474E-5	5.21305350127
0.0187 0.0368 0.0459 0.8986
0.8623 0.0096 0.0096 0.1185
0.0187 0.0096 0.9621 0.0096
0.9712 0.0096 0.0096 0.0096
0.9349 0.0096 0.0187 0.0368
0.055 0.0096 0.0187 0.9167
0.0731 0.9077 0.0096 0.0096
0.0096 0.0096 0.9349 0.0459

>M24	9.630431726725138	3.7330798157351806E-5	5.2119211091
0.0135 0.8937 0.0591 0.0337
0.0299 0.8315 0.0718 0.0667
0.0287 0.0732 0.8403 0.0579
0.016 0.9305 0.0388 0.0147
0.0211 0.9076 0.0325 0.0388
0.035 0.0642 0.1278 0.773
0.016 0.8949 0.0554 0.0338
0.0185 0.8886 0.0325 0.0604

>M25	7.701123406543161	3.484207828019502E-5	5.17573047715
0.8161 0.0639 0.0096 0.1104
0.9091 0.0716 0.0096 0.0096
0.9324 0.0329 0.0096 0.0251
0.0096 0.0096 0.0096 0.9712
0.1492 0.1182 0.0096 0.723
0.0096 0.0407 0.9013 0.0484
0.9324 0.0251 0.0329 0.0096
0.8549 0.0096 0.0251 0.1104

>M26	8.336999863624591	2.8620278587303048E-5	5.15819684293
0.9601 0.0096 0.0096 0.0207
0.949 0.0096 0.0096 0.0317
0.0096 0.0096 0.0096 0.9712
0.0207 0.0096 0.0317 0.938
0.9159 0.0096 0.0207 0.0538
0.0207 0.0096 0.0096 0.9601
0.0096 0.8275 0.1533 0.0096
0.0096 0.1643 0.7943 0.0317

>M27	8.737643189096055	4.355259785024377E-5	5.15705385856
0.0456 0.8929 0.035 0.0265
0.0181 0.0498 0.8697 0.0624
0.0202 0.9246 0.035 0.0202
0.0138 0.9267 0.0265 0.0329
0.0223 0.0477 0.1026 0.8274
0.0329 0.8717 0.0413 0.054
0.016 0.9077 0.0329 0.0435
0.0456 0.0793 0.0624 0.8127

>M28	8.461550988514254	2.3642838832989474E-5	5.10424064651
0.0096 0.0384 0.0096 0.9424
0.0096 0.9424 0.0168 0.0312
0.0096 0.1101 0.0239 0.8563
0.0239 0.0168 0.0168 0.9424
0.0527 0.885 0.0312 0.0312
0.8348 0.0598 0.0096 0.0958
0.7559 0.2177 0.0096 0.0168
0.8922 0.0096 0.0239 0.0742

>M29	11.257017264545613	2.115411895583269E-5	5.08262482238
0.031 0.8726 0.0474 0.049
0.0342 0.8939 0.0096 0.0622
0.0392 0.8166 0.0787 0.0655
0.0326 0.8331 0.0441 0.0902
0.077 0.0376 0.0096 0.8758
0.0178 0.8545 0.0441 0.0836
0.0507 0.8874 0.0293 0.0326
0.0326 0.9137 0.0441 0.0096

>M30	8.956230594529028	2.613155871014626E-5	5.06412809891
0.0259 0.9183 0.03 0.0259
0.0096 0.9589 0.0137 0.0178
0.0259 0.0259 0.03 0.9183
0.0096 0.906 0.0708 0.0137
0.0178 0.0585 0.0259 0.8979
0.0382 0.0422 0.91 0.0096
0.686 0.1644 0.0911 0.0585
0.0137 0.9223 0.0544 0.0096

>M31	8.93295944887889	2.3642838832989474E-5	5.06047066537
0.0205 0.9133 0.0313 0.0349
0.0277 0.1904 0.0458 0.7362
0.0168 0.0891 0.0096 0.8844
0.0096 0.1 0.0494 0.841
0.0205 0.9387 0.0168 0.024
0.0168 0.9314 0.024 0.0277
0.0168 0.917 0.024 0.0421
0.0421 0.8809 0.0349 0.0421

>M32	8.740576324671835	2.239847889441108E-5	5.04547056855
0.0577 0.0157 0.0096 0.917
0.1538 0.0096 0.7788 0.0577
0.7548 0.1899 0.0096 0.0457
0.9412 0.0276 0.0096 0.0216
0.9291 0.0276 0.0337 0.0096
0.0157 0.0096 0.0758 0.899
0.0577 0.0577 0.875 0.0096
0.0096 0.0096 0.9471 0.0337

>M33	8.565235566427397	2.4887198771567867E-5	5.0442652405
0.0416 0.0096 0.0737 0.875
0.0096 0.0161 0.9583 0.0161
0.9583 0.0161 0.0161 0.0096
0.9326 0.0161 0.0353 0.0161
0.2212 0.6827 0.0865 0.0096
0.0801 0.0224 0.8559 0.0416
0.0288 0.0096 0.9391 0.0224
0.9519 0.0161 0.0096 0.0224

>M34	7.880196603574266	3.359771834161662E-5	5.03405820913
0.0096 0.7562 0.0549 0.1793
0.0605 0.0944 0.0153 0.8298
0.0379 0.9033 0.0379 0.021
0.8524 0.0718 0.0096 0.0662
0.9372 0.0379 0.0096 0.0153
0.9145 0.0153 0.0492 0.021
0.0322 0.0379 0.0322 0.8977
0.0322 0.0153 0.9372 0.0153

>M35	8.439061233602736	2.613155871014626E-5	5.00719633695
0.9129 0.0193 0.0387 0.029
0.0776 0.8838 0.029 0.0096
0.097 0.0387 0.8158 0.0485
0.0193 0.0096 0.9517 0.0193
0.9614 0.0193 0.0096 0.0096
0.9517 0.0193 0.0096 0.0193
0.0096 0.0096 0.0193 0.9614
0.0096 0.0096 0.097 0.8838

>M36	8.382781125024334	2.115411895583269E-5	4.98837758537
0.0096 0.0245 0.9189 0.0469
0.9189 0.0394 0.0245 0.0171
0.0916 0.0543 0.0618 0.7922
0.0171 0.0394 0.8295 0.1139
0.032 0.0171 0.9338 0.0171
0.9338 0.0245 0.0245 0.0171
0.9338 0.0171 0.0394 0.0096
0.9487 0.0171 0.0245 0.0096

>M37	7.88133194783947	2.239847889441108E-5	4.96596991613
0.9712 0.0096 0.0096 0.0096
0.9712 0.0096 0.0096 0.0096
0.7336 0.1793 0.0775 0.0096
0.0888 0.8919 0.0096 0.0096
0.0096 0.0888 0.8466 0.0549
0.9598 0.0096 0.0096 0.021
0.9146 0.0096 0.0662 0.0096
0.0096 0.0096 0.0322 0.9486

>M38	8.63791418729594	3.1108998464459835E-5	4.93975080358
0.0096 0.9629 0.0138 0.0138
0.0096 0.0849 0.0598 0.8457
0.0096 0.9126 0.0598 0.018
0.018 0.0682 0.0305 0.8834
0.0221 0.0305 0.9253 0.0221
0.7704 0.0933 0.0765 0.0598
0.0138 0.9085 0.0639 0.0138
0.0263 0.8917 0.0472 0.0347

>M39	8.244067758358288	3.1108998464459835E-5	4.89079651629
0.0096 0.9558 0.0173 0.0173
0.8635 0.1019 0.0096 0.025
0.9481 0.0173 0.025 0.0096
0.0173 0.9481 0.0173 0.0173
0.8019 0.1327 0.0173 0.0481
0.025 0.0865 0.0481 0.8404
0.0327 0.9327 0.025 0.0096
0.8019 0.0173 0.0096 0.1712

>M40	7.844549522915958	3.1108998464459835E-5	4.8856328492
0.9417 0.0096 0.0194 0.0292
0.0096 0.0292 0.039 0.9221
0.0194 0.9417 0.0292 0.0096
0.8633 0.0096 0.0096 0.1175
0.0096 0.0096 0.8633 0.1175
0.7651 0.1764 0.0488 0.0096
0.0194 0.0096 0.0096 0.9613
0.0096 0.0096 0.9613 0.0194

>M41	8.44874310561572	2.986463852588144E-5	4.88389395776
0.0545 0.0416 0.875 0.0288
0.8237 0.0096 0.157 0.0096
0.8942 0.0737 0.0096 0.0224
0.0096 0.1442 0.8365 0.0096
0.9455 0.0353 0.0096 0.0096
0.0481 0.0096 0.9263 0.0161
0.7661 0.0865 0.1378 0.0096
0.9519 0.0096 0.0161 0.0224

>M42	8.543352045624282	2.986463852588144E-5	4.86792372773
0.1451 0.7776 0.0677 0.0096
0.8162 0.1193 0.0096 0.0548
0.9583 0.0096 0.0225 0.0096
0.9066 0.0354 0.0419 0.0161
0.087 0.8421 0.0612 0.0096
0.0289 0.0354 0.9132 0.0225
0.0354 0.0225 0.9325 0.0096
0.9583 0.0096 0.0161 0.0161

>M43	8.747240283015422	2.8620278587303048E-5	4.84706992982
0.8389 0.0817 0.0697 0.0096
0.0096 0.0216 0.9591 0.0096
0.0157 0.947 0.0216 0.0157
0.0216 0.0817 0.875 0.0216
0.9171 0.0276 0.0337 0.0216
0.0157 0.875 0.0516 0.0577
0.0157 0.9411 0.0216 0.0216
0.0216 0.0817 0.0216 0.875

>M44	8.796575540592087	3.8575158095930196E-5	4.79087378515
0.0569 0.0372 0.8884 0.0175
0.8844 0.0293 0.0766 0.0096
0.0136 0.0096 0.9672 0.0096
0.0412 0.0136 0.9199 0.0254
0.8884 0.0609 0.0412 0.0096
0.0372 0.0254 0.912 0.0254
0.0136 0.0254 0.9436 0.0175
0.1712 0.0924 0.1436 0.5929

>M45	9.112154512443379	2.239847889441108E-5	4.78404305138
0.954 0.0267 0.0096 0.0096
0.0224 0.0138 0.9413 0.0224
0.0652 0.0652 0.8429 0.0267
0.9028 0.031 0.0566 0.0096
0.0353 0.0395 0.9113 0.0138
0.0395 0.0609 0.8729 0.0267
0.0096 0.1977 0.1164 0.6763
0.0182 0.0395 0.9327 0.0096

>M46	8.19060211674315	2.4887198771567867E-5	4.77539827641
0.9005 0.0237 0.0379 0.0379
0.0238 0.0238 0.0379 0.9146
0.9146 0.0096 0.0379 0.0379
0.9287 0.0238 0.0096 0.0379
0.0096 0.0238 0.0238 0.9429
0.0238 0.9287 0.0096 0.0379
0.0944 0.8722 0.0096 0.0238
0.9429 0.0238 0.0096 0.0238

>M47	9.240302655838772	2.7375918648724654E-5	4.76637850072
0.0152 0.0654 0.8875 0.0319
0.0319 0.0737 0.0905 0.8039
0.0208 0.9014 0.0459 0.0319
0.0291 0.9461 0.0152 0.0096
0.0431 0.907 0.0319 0.018
0.7398 0.1322 0.0793 0.0487
0.018 0.0459 0.921 0.0152
0.0208 0.0431 0.8708 0.0654

>M48	10.015415287784972	3.8575158095930196E-5	4.76374698045
0.0147 0.8536 0.0905 0.0412
0.0273 0.8865 0.0526 0.0337
0.0438 0.8271 0.074 0.0551
0.0387 0.0942 0.8246 0.0425
0.0362 0.0513 0.889 0.0236
0.0222 0.0968 0.8537 0.0273
0.0399 0.8625 0.0652 0.0324
0.021 0.9067 0.0437 0.0286

>M49	8.072715335793546	2.613155871014626E-5	4.76355542317
0.1995 0.1758 0.6032 0.0214
0.9 0.0452 0.0214 0.0334
0.0096 0.0214 0.0452 0.9237
0.0096 0.0334 0.0334 0.9237
0.0096 0.9356 0.0334 0.0214
0.9593 0.0096 0.0096 0.0214
0.0096 0.0452 0.0214 0.9237
0.0214 0.0096 0.0214 0.9475

>M50	7.933137318172481	2.986463852588144E-5	4.75317276816
0.9016 0.0096 0.0096 0.0791
0.9133 0.0328 0.0443 0.0096
0.8089 0.0328 0.056 0.1023
0.948 0.0328 0.0096 0.0096
0.7163 0.0443 0.0675 0.1718
0.9249 0.0096 0.0212 0.0443
0.8785 0.0096 0.0675 0.0443
0.0096 0.9712 0.0096 0.0096

>M51	9.776725464986924	2.239847889441108E-5	4.74401212366
0.0096 0.8198 0.1245 0.0461
0.018 0.9319 0.0096 0.0405
0.0488 0.0096 0.0096 0.9319
0.0124 0.9038 0.0601 0.0237
0.0573 0.8001 0.133 0.0096
0.0516 0.1441 0.7946 0.0096
0.0096 0.9263 0.0433 0.0209
0.0377 0.8393 0.0657 0.0573

>M52	9.2479383264195	4.728567766597895E-5	4.72752384369
0.0215 0.9067 0.043 0.0288
0.0478 0.0836 0.0096 0.859
0.0167 0.8996 0.0383 0.0454
0.0144 0.9067 0.0359 0.043
0.0645 0.7993 0.0764 0.0597
0.0764 0.0096 0.8686 0.0454
0.0191 0.0096 0.9473 0.0239
0.0764 0.7492 0.1337 0.0407

>M53	8.092222659063811	2.115411895583269E-5	4.72571483472
0.9429 0.0096 0.0096 0.0379
0.0096 0.0238 0.0096 0.957
0.0379 0.9287 0.0096 0.0238
0.9005 0.0379 0.052 0.0096
0.2076 0.0096 0.0238 0.759
0.6742 0.0096 0.25 0.0662
0.957 0.0096 0.0096 0.0238
0.957 0.0238 0.0096 0.0096

>M54	8.96179663592455	2.239847889441108E-5	4.70756489882
0.014 0.9224 0.0407 0.0229
0.8073 0.0761 0.0317 0.0849
0.0495 0.8781 0.0584 0.014
0.918 0.0229 0.0185 0.0407
0.0185 0.1027 0.8648 0.014
0.1337 0.8206 0.0273 0.0185
0.8604 0.0185 0.0761 0.0451
0.0229 0.0451 0.918 0.014

>M55	9.164498732725026	2.7375918648724654E-5	4.70753028484
0.0755 0.8438 0.0711 0.0096
0.0536 0.0096 0.0096 0.9272
0.0315 0.7999 0.1062 0.0623
0.0491 0.857 0.0096 0.0842
0.0315 0.8965 0.0623 0.0096
0.0228 0.958 0.0096 0.0096
0.0667 0.0667 0.0096 0.8569
0.0184 0.8834 0.0404 0.0579

>M56	9.995670871478023	3.8575158095930196E-5	4.6857337072
0.0238 0.883 0.0661 0.0272
0.0432 0.8776 0.0413 0.0379
0.0326 0.0396 0.8546 0.0732
0.0272 0.8601 0.0925 0.0202
0.0272 0.8407 0.0908 0.0414
0.0379 0.8388 0.1137 0.0096
0.0361 0.0096 0.8936 0.0608
0.0272 0.8953 0.0538 0.0238

>M57	10.005273870470631	2.986463852588144E-5	4.67943018823
0.0252 0.8665 0.069 0.0393
0.0464 0.8595 0.0619 0.0322
0.0294 0.0803 0.8425 0.0478
0.0436 0.0393 0.8807 0.0364
0.0138 0.0916 0.8764 0.0181
0.028 0.8594 0.0676 0.045
0.0238 0.8892 0.0506 0.0364
0.0223 0.0888 0.8467 0.0421

>M58	8.733918005128544	4.728567766597895E-5	4.6725394137
0.03 0.1184 0.842 0.0096
0.0198 0.8455 0.0912 0.0436
0.0266 0.9065 0.0266 0.0402
0.03 0.0674 0.0096 0.893
0.0096 0.9337 0.0368 0.0198
0.0843 0.0096 0.0878 0.8183
0.0232 0.1115 0.8183 0.047
0.0096 0.893 0.0504 0.047

>M59	9.549443289840166	2.986463852588144E-5	4.67171049772
0.025 0.0096 0.9046 0.0608
0.0096 0.8996 0.071 0.0198
0.0539 0.7922 0.1085 0.0454
0.0386 0.0096 0.8962 0.0557
0.0147 0.903 0.0608 0.0215
0.0369 0.8466 0.0659 0.0506
0.0506 0.0932 0.8466 0.0096
0.042 0.8364 0.0914 0.0301

>M60	8.329075978186985	2.613155871014626E-5	4.65832648437
0.8972 0.0281 0.0281 0.0466
0.1113 0.0096 0.0281 0.851
0.0373 0.0281 0.9065 0.0281
0.0373 0.0281 0.9158 0.0188
0.0096 0.0466 0.0836 0.8602
0.0096 0.9341 0.0096 0.0466
0.0096 0.0188 0.0096 0.9619
0.0096 0.9064 0.0559 0.0281

>M61	8.471011900377274	3.7330798157351806E-5	4.65499429154
0.0163 0.8434 0.1105 0.0298
0.0365 0.1307 0.0096 0.8232
0.0096 0.0096 0.0096 0.9712
0.0096 0.9375 0.0433 0.0096
0.0365 0.1307 0.0701 0.7627
0.0298 0.9106 0.0163 0.0433
0.0298 0.8703 0.0365 0.0634
0.05 0.0096 0.05 0.8904

>M62	9.906274244712325	3.235335840303823E-5	4.65159654597
0.0096 0.8943 0.0569 0.0391
0.0254 0.0096 0.8943 0.0707
0.0254 0.8214 0.1317 0.0214
0.0234 0.8569 0.0904 0.0293
0.0372 0.7839 0.1161 0.0628
0.0352 0.0096 0.9022 0.053
0.0254 0.9338 0.0096 0.0313
0.0254 0.8451 0.0825 0.047

>M63	9.836000195459874	2.613155871014626E-5	4.64840639739
0.0692 0.0096 0.8631 0.0581
0.0618 0.1233 0.7643 0.0506
0.0096 0.1363 0.8444 0.0096
0.0488 0.0096 0.8724 0.0692
0.0283 0.0096 0.9078 0.0543
0.0096 0.9712 0.0096 0.0096
0.0469 0.0543 0.8333 0.0655
0.0227 0.0618 0.8947 0.0208

>M64	8.64177912762975	2.115411895583269E-5	4.64010876193
0.0386 0.1109 0.0096 0.841
0.024 0.8121 0.0096 0.1542
0.0096 0.8916 0.0891 0.0096
0.0675 0.0096 0.0891 0.8337
0.0168 0.9495 0.024 0.0096
0.0096 0.0096 0.053 0.9278
0.0313 0.1759 0.0096 0.7832
0.0096 0.9423 0.024 0.024

>M65	9.858403526388557	3.359771834161662E-5	4.64010261989
0.0305 0.8499 0.0828 0.0368
0.0911 0.7746 0.089 0.0452
0.0452 0.0096 0.8708 0.0744
0.0242 0.8729 0.0096 0.0933
0.0285 0.921 0.0096 0.041
0.0242 0.8812 0.0849 0.0096
0.0305 0.896 0.0096 0.0639
0.0388 0.0096 0.8499 0.1016

>M66	7.921742612454828	3.359771834161662E-5	4.63656878378
0.0096 0.0096 0.0096 0.9712
0.9231 0.0257 0.0416 0.0096
0.0096 0.0257 0.0096 0.9551
0.1058 0.0096 0.0096 0.875
0.0577 0.1378 0.7788 0.0257
0.843 0.0416 0.0416 0.0737
0.9231 0.0416 0.0096 0.0257
0.0416 0.0096 0.0096 0.9391

>M67	11.611813275262762	2.3642838832989474E-5	4.63105875312
0.0684 0.8901 0.0096 0.0319
0.0096 0.0096 0.9023 0.0785
0.0319 0.8618 0.0096 0.0966
0.0177 0.8699 0.0764 0.036
0.0319 0.8617 0.0724 0.0339
0.044 0.8436 0.0785 0.0339
0.036 0.0521 0.8274 0.0845
0.0217 0.88 0.0684 0.0299

>M68	9.767516558809564	2.239847889441108E-5	4.62813898229
0.0096 0.8294 0.1259 0.0351
0.0521 0.1486 0.7472 0.0521
0.0096 0.0351 0.9088 0.0464
0.021 0.9485 0.0096 0.021
0.0124 0.9287 0.0096 0.0493
0.0351 0.0096 0.1514 0.8038
0.021 0.0862 0.8719 0.021
0.0266 0.0521 0.9116 0.0096

>M69	8.025107064363059	2.239847889441108E-5	4.62811024859
0.9448 0.036 0.0096 0.0096
0.9712 0.0096 0.0096 0.0096
0.0096 0.036 0.0228 0.9316
0.0096 0.2336 0.0096 0.7472
0.0623 0.0096 0.734 0.194
0.0096 0.8789 0.0755 0.036
0.9316 0.0228 0.0096 0.036
0.036 0.0228 0.0096 0.9316

>M70	8.910637449033938	3.235335840303823E-5	4.6052997209
0.0365 0.05 0.097 0.8165
0.0096 0.924 0.0231 0.0433
0.0096 0.097 0.0365 0.8568
0.0163 0.9644 0.0096 0.0096
0.7896 0.1105 0.0701 0.0298
0.0096 0.8971 0.0365 0.0567
0.0231 0.0096 0.924 0.0433
0.0096 0.9577 0.0163 0.0163

>M71	8.695890421553155	2.115411895583269E-5	4.60165964652
0.0329 0.0329 0.0484 0.8859
0.0096 0.8393 0.1182 0.0329
0.0407 0.9013 0.0096 0.0484
0.9013 0.0562 0.0174 0.0251
0.0639 0.0407 0.0251 0.8703
0.0251 0.0174 0.9479 0.0096
0.0716 0.0407 0.8703 0.0174
0.9091 0.0329 0.0251 0.0329

>M72	8.706120311710205	2.4887198771567867E-5	4.58543145332
0.0379 0.1605 0.0096 0.792
0.0096 0.0096 0.019 0.9617
0.019 0.9052 0.019 0.0567
0.019 0.0096 0.0473 0.924
0.019 0.9146 0.0285 0.0379
0.0379 0.8958 0.019 0.0473
0.0567 0.0096 0.0379 0.8958
0.0096 0.217 0.0473 0.7261

>M73	9.157102728230925	2.7375918648724654E-5	4.58248107133
0.0136 0.9081 0.0648 0.0136
0.1239 0.0096 0.0096 0.8568
0.0372 0.0096 0.8765 0.0766
0.0096 0.9199 0.0372 0.0333
0.0372 0.0096 0.0885 0.8647
0.0175 0.8687 0.0806 0.0333
0.0293 0.8529 0.0687 0.049
0.049 0.7898 0.0885 0.0727

>M74	8.01514055041633	2.613155871014626E-5	4.57857906705
0.0096 0.0096 0.1031 0.8777
0.0096 0.0096 0.0096 0.9712
0.0096 0.7041 0.1966 0.0897
0.9043 0.023 0.0096 0.0631
0.0096 0.023 0.0631 0.9043
0.023 0.0096 0.0096 0.9578
0.0497 0.0897 0.851 0.0096
0.9311 0.0096 0.0497 0.0096

>M75	9.505366147022965	2.115411895583269E-5	4.57773866473
0.0236 0.0862 0.8666 0.0236
0.0096 0.9049 0.048 0.0375
0.0165 0.9154 0.048 0.0201
0.0584 0.0549 0.0862 0.8005
0.0131 0.0549 0.9119 0.0201
0.0236 0.0131 0.9537 0.0096
0.0236 0.048 0.9189 0.0096
0.7064 0.1316 0.1176 0.0444

>M76	9.362164962849103	3.484207828019502E-5	4.57609490316
0.0431 0.9377 0.0096 0.0096
0.0096 0.9137 0.0384 0.0384
0.1484 0.0096 0.1196 0.7224
0.0144 0.0575 0.9089 0.0192
0.0479 0.0096 0.9137 0.0288
0.0239 0.9377 0.0096 0.0288
0.0096 0.1484 0.0096 0.8324
0.0144 0.8085 0.1675 0.0096

>M77	9.180778434781018	4.9774397543135734E-5	4.57518408731
0.0167 0.9464 0.0273 0.0096
0.0379 0.045 0.0485 0.8687
0.0167 0.9181 0.0414 0.0237
0.0238 0.8828 0.0414 0.052
0.0238 0.1086 0.1121 0.7556
0.0343 0.8581 0.0591 0.0485
0.0379 0.098 0.8545 0.0096
0.0132 0.0556 0.8721 0.0591

>M78	8.533950082701882	2.613155871014626E-5	4.57173175485
0.0096 0.9712 0.0096 0.0096
0.8838 0.0883 0.0096 0.0184
0.0184 0.0096 0.9624 0.0096
0.0271 0.0359 0.097 0.84
0.0096 0.0184 0.9624 0.0096
0.0359 0.0096 0.1058 0.8488
0.0096 0.0184 0.9537 0.0184
0.7176 0.1932 0.0534 0.0359

>M79	9.979051832882266	3.8575158095930196E-5	4.56653976841
0.046 0.8416 0.0778 0.0346
0.0528 0.0096 0.8825 0.0551
0.0437 0.7984 0.1256 0.0323
0.0278 0.0096 0.912 0.0506
0.0391 0.8234 0.0801 0.0573
0.046 0.8757 0.0096 0.0688
0.0255 0.9553 0.0096 0.0096
0.0346 0.8598 0.0664 0.0391

>M80	8.851781434529858	2.4887198771567867E-5	4.55879346097
0.0096 0.8068 0.0279 0.1557
0.0279 0.9286 0.0339 0.0096
0.813 0.0157 0.1617 0.0096
0.0157 0.0522 0.9164 0.0157
0.04 0.04 0.0826 0.8374
0.0157 0.04 0.9164 0.0279
0.0462 0.0339 0.04 0.8799
0.0096 0.0279 0.9529 0.0096

>M81	9.949696230797393	3.235335840303823E-5	4.55479082789
0.0333 0.0746 0.8667 0.0254
0.0293 0.9337 0.0096 0.0273
0.0254 0.0707 0.8766 0.0273
0.0254 0.8707 0.0845 0.0194
0.0254 0.0983 0.8017 0.0746
0.0293 0.9219 0.0096 0.0391
0.0667 0.7997 0.0924 0.0412
0.0214 0.851 0.0924 0.0352

>M82	8.750698318922367	2.7375918648724654E-5	4.54815579725
0.0476 0.0096 0.0982 0.8446
0.0096 0.9521 0.0223 0.016
0.0539 0.0096 0.1487 0.7877
0.016 0.0096 0.9648 0.0096
0.0096 0.8637 0.0602 0.0665
0.016 0.8573 0.0918 0.0349
0.0223 0.0096 0.0982 0.8699
0.016 0.9015 0.0413 0.0413

>M83	9.261441822557476	3.235335840303823E-5	4.54678125016
0.014 0.0404 0.936 0.0096
0.0184 0.0536 0.9097 0.0184
0.0755 0.0272 0.1237 0.7736
0.014 0.0272 0.936 0.0228
0.8438 0.0404 0.0931 0.0228
0.0228 0.9404 0.0096 0.0272
0.014 0.0886 0.8306 0.0667
0.0228 0.8833 0.0536 0.0404

>M84	9.401555013615045	2.239847889441108E-5	4.5454043953
0.0434 0.0884 0.839 0.0293
0.0489 0.0096 0.9206 0.0209
0.8334 0.0096 0.0912 0.0659
0.0096 0.0096 0.9487 0.0321
0.0939 0.0659 0.8137 0.0264
0.0096 0.0855 0.7715 0.1334
0.0096 0.0434 0.9234 0.0237
0.0714 0.8896 0.0096 0.0293

>M85	9.240430452760673	2.115411895583269E-5	4.54442225911
0.0719 0.068 0.7492 0.1109
0.0252 0.0252 0.9166 0.033
0.0096 0.0719 0.8933 0.0252
0.9284 0.0096 0.0096 0.0524
0.0486 0.1069 0.7999 0.0446
0.9166 0.0096 0.0096 0.0641
0.0096 0.0486 0.9206 0.0213
0.0486 0.0758 0.8505 0.0252

>M86	9.165254542207293	2.8620278587303048E-5	4.53877368214
0.0152 0.0712 0.8535 0.0601
0.018 0.8731 0.0993 0.0096
0.0152 0.8955 0.0461 0.0433
0.0601 0.7609 0.1077 0.0713
0.0292 0.0096 0.9403 0.0209
0.8282 0.133 0.0096 0.0292
0.0488 0.0096 0.8983 0.0433
0.0516 0.0405 0.887 0.0209

>M87	8.424516725165866	2.8620278587303048E-5	4.5267975752
0.9316 0.0096 0.0228 0.036
0.0228 0.1677 0.0228 0.7867
0.0096 0.958 0.0096 0.0228
0.958 0.0096 0.0096 0.0228
0.9448 0.0228 0.0096 0.0228
0.0096 0.0755 0.2204 0.6945
0.0228 0.0096 0.0096 0.958
0.0228 0.036 0.8263 0.115

>M88	9.144438004993923	2.613155871014626E-5	4.52475767598
0.0258 0.9065 0.0338 0.0338
0.8378 0.0096 0.143 0.0096
0.0379 0.046 0.9065 0.0096
0.0298 0.8863 0.046 0.0379
0.0096 0.8662 0.0581 0.0662
0.0096 0.9025 0.0177 0.0702
0.0621 0.0096 0.0904 0.8379
0.0823 0.0702 0.8056 0.0419

>M89	9.413797378422938	2.239847889441108E-5	4.51381513592
0.0096 0.0683 0.8177 0.1044
0.0367 0.0096 0.944 0.0096
0.0503 0.0503 0.8672 0.0322
0.7319 0.127 0.0096 0.1315
0.0187 0.0096 0.944 0.0277
0.0096 0.9395 0.0096 0.0413
0.0096 0.1089 0.0096 0.8718
0.0187 0.0638 0.8763 0.0413

>M90	9.92016870332106	2.115411895583269E-5	4.5107956645
0.062 0.0096 0.9005 0.0279
0.0324 0.9119 0.0096 0.0461
0.062 0.8983 0.0096 0.0301
0.0437 0.0096 0.896 0.0507
0.0279 0.1099 0.823 0.0392
0.0301 0.937 0.0096 0.0233
0.0438 0.7981 0.1144 0.0438
0.0597 0.0916 0.7661 0.0825

>M91	9.380462623180865	2.3642838832989474E-5	4.5107551883
0.1164 0.0096 0.7082 0.1658
0.0507 0.8479 0.0918 0.0096
0.0178 0.8397 0.1165 0.0261
0.0096 0.0096 0.0096 0.9712
0.0261 0.0096 0.1822 0.7821
0.0096 0.9547 0.0096 0.0261
0.0096 0.0096 0.0096 0.9712
0.0425 0.9383 0.0096 0.0096

>M92	9.861644833077882	2.8620278587303048E-5	4.50519315607
0.0206 0.1014 0.8356 0.0424
0.038 0.8444 0.0752 0.0424
0.0599 0.0096 0.8815 0.0489
0.0402 0.0096 0.8815 0.0687
0.0642 0.8575 0.0096 0.0687
0.0184 0.9056 0.0096 0.0664
0.0402 0.9012 0.0096 0.0489
0.0293 0.7963 0.0927 0.0817

>M93	9.045612147943626	3.608643821877341E-5	4.50456860137
0.0338 0.8925 0.0096 0.064
0.0096 0.058 0.0096 0.9228
0.0157 0.8502 0.1245 0.0096
0.0217 0.9348 0.0157 0.0278
0.1124 0.1366 0.0398 0.7112
0.0459 0.0096 0.9349 0.0096
0.0217 0.9228 0.0096 0.0459
0.0096 0.1547 0.0459 0.7898

>M94	7.854919848809995	2.613155871014626E-5	4.50452193174
0.0096 0.0569 0.0096 0.9238
0.0096 0.0096 0.7189 0.2618
0.9712 0.0096 0.0096 0.0096
0.0412 0.0254 0.0412 0.8923
0.0412 0.8923 0.0096 0.0569
0.8923 0.0727 0.0096 0.0254
0.8923 0.0096 0.0096 0.0885
0.9396 0.0254 0.0096 0.0254

>M95	9.78831511428628	2.115411895583269E-5	4.50320275324
0.0168 0.0096 0.935 0.0386
0.0867 0.8603 0.0096 0.0434
0.0723 0.0096 0.8482 0.0699
0.0458 0.0096 0.923 0.0216
0.065 0.0096 0.894 0.0313
0.0578 0.0096 0.894 0.0386
0.0723 0.8 0.0096 0.1181
0.0386 0.7711 0.1181 0.0723

>M96	9.975400849574232	2.239847889441108E-5	4.49417212195
0.0409 0.8931 0.0319 0.0341
0.0587 0.0096 0.8351 0.0966
0.0409 0.0096 0.9243 0.0252
0.0498 0.0676 0.8038 0.0788
0.023 0.0096 0.9355 0.0319
0.0431 0.8262 0.0587 0.0721
0.0387 0.7926 0.0966 0.0721
0.0387 0.9198 0.0096 0.0319

>M97	9.497905486596363	2.986463852588144E-5	4.49115098592
0.0529 0.066 0.8412 0.0399
0.0226 0.8629 0.0746 0.0399
0.0139 0.9365 0.0356 0.0139
0.0313 0.0096 0.0703 0.8888
0.0183 0.9019 0.0572 0.0226
0.0269 0.8976 0.0572 0.0183
0.7026 0.1309 0.1569 0.0096
0.0442 0.0096 0.9365 0.0096

>M98	9.2818161289755	3.1108998464459835E-5	4.48909400492
0.0669 0.7951 0.0506 0.0874
0.0587 0.8934 0.0301 0.0178
0.8198 0.0096 0.0914 0.0791
0.0138 0.0383 0.9302 0.0178
0.0301 0.8607 0.0791 0.0301
0.8607 0.0669 0.0096 0.0628
0.0138 0.026 0.9425 0.0178
0.0464 0.0628 0.8688 0.0219

>M99	8.563057983852918	2.4887198771567867E-5	4.48643124145
0.0096 0.9486 0.0322 0.0096
0.8919 0.0775 0.021 0.0096
0.0322 0.0775 0.0662 0.8241
0.0549 0.8919 0.0436 0.0096
0.8128 0.168 0.0096 0.0096
0.9486 0.0096 0.0322 0.0096
0.9259 0.0322 0.021 0.021
0.0549 0.8693 0.0662 0.0096