>M0	8.938731721495277	2.4887198771567867E-5	7.352399568315587
0.0317 0.0323 0.0113 0.9246
0.0221 0.7144 0.1556 0.1079
0.1288 0.0182 0.799 0.0539
0.945 0.0176 0.0249 0.0125
0.9547 0.0096 0.0164 0.0192
0.0204 0.0187 0.0108 0.9501
0.0284 0.0113 0.9411 0.0192
0.0409 0.0363 0.9036 0.0192

>M1	8.967452837338364	2.3642838832989474E-5	7.325219584029132
0.0265 0.6971 0.1621 0.1142
0.1245 0.02 0.7958 0.0597
0.9461 0.0172 0.0243 0.0123
0.9543 0.0096 0.0172 0.0188
0.0139 0.0178 0.0118 0.9564
0.0331 0.0096 0.9379 0.0194
0.0396 0.0358 0.9058 0.0188
0.9363 0.0123 0.0145 0.0368

>M2	8.460406766196282	2.115411895583269E-5	7.149167917986112
0.0944 0.0254 0.8319 0.0483
0.9429 0.0225 0.0209 0.0138
0.9463 0.0175 0.0184 0.0179
0.0246 0.0341 0.0109 0.9304
0.0399 0.1206 0.7767 0.0628
0.0266 0.0495 0.9055 0.0184
0.9583 0.0117 0.0125 0.0175
0.8985 0.059 0.0175 0.025

>M3	8.422572701608345	3.235335840303823E-5	7.1260185663441975
0.9468 0.0112 0.0246 0.0174
0.02 0.035 0.0143 0.9307
0.0469 0.0122 0.9183 0.0226
0.0293 0.0464 0.9042 0.02
0.9582 0.0101 0.0133 0.0185
0.8741 0.0729 0.0211 0.0319
0.033 0.0137 0.0107 0.9426
0.0365 0.7223 0.1605 0.0807

>M4	8.17264352633169	2.3642838832989474E-5	6.953297582548035
0.9361 0.0271 0.0176 0.0191
0.9445 0.0156 0.0212 0.0188
0.0284 0.049 0.0144 0.9082
0.0355 0.1112 0.7907 0.0626
0.0291 0.049 0.9014 0.0204
0.9581 0.0108 0.0132 0.018
0.8975 0.0522 0.0219 0.0284
0.0423 0.0191 0.0112 0.9273

>M5	8.784462192673232	2.3642838832989474E-5	6.902198149613022
0.0252 0.022 0.0166 0.9362
0.026 0.0119 0.9447 0.0174
0.04 0.0587 0.8793 0.022
0.954 0.0112 0.0151 0.0197
0.9291 0.0314 0.0174 0.022
0.0283 0.0112 0.0135 0.9471
0.0446 0.8654 0.0252 0.0648
0.772 0.0267 0.1823 0.0189

>M6	8.08055957244818	3.1108998464459835E-5	6.506604174012627
0.0518 0.0096 0.9244 0.0141
0.0446 0.0689 0.8626 0.0239
0.9496 0.0096 0.0195 0.0213
0.92 0.0231 0.033 0.0239
0.0258 0.0123 0.0141 0.9478
0.051 0.8346 0.0177 0.0967
0.9236 0.0231 0.0419 0.0114
0.1173 0.033 0.0195 0.8302

>M7	7.749442960856626	2.613155871014626E-5	6.408835825267038
0.044 0.0856 0.8405 0.0299
0.959 0.0096 0.0157 0.0157
0.9276 0.0238 0.0349 0.0137
0.0259 0.0107 0.0127 0.9508
0.0563 0.8313 0.0157 0.0967
0.9114 0.0228 0.0481 0.0177
0.0563 0.0329 0.0096 0.9012
0.0228 0.8901 0.0116 0.0755

>M8	7.952726595589461	2.7375918648724654E-5	6.208348452327672
0.0096 0.9129 0.0121 0.0654
0.9587 0.0121 0.0158 0.0134
0.0195 0.0269 0.0109 0.9427
0.0666 0.8014 0.0096 0.1224
0.1471 0.0208 0.7506 0.0815
0.9006 0.0456 0.0381 0.0158
0.9637 0.0096 0.0146 0.0121
0.0134 0.0183 0.0134 0.955

>M9	7.711314537064297	2.986463852588144E-5	6.064802528743532
0.9308 0.012 0.0463 0.0109
0.0231 0.028 0.0109 0.9381
0.0182 0.9087 0.0109 0.0623
0.9479 0.0133 0.0194 0.0194
0.0158 0.0267 0.0109 0.9466
0.0218 0.823 0.0194 0.1358
0.1468 0.0292 0.7433 0.0807
0.8891 0.0427 0.0414 0.0267

>M10	7.777066203263043	3.7330798157351806E-5	6.010018632314683
0.0156 0.0396 0.0096 0.9352
0.0096 0.8992 0.0356 0.0556
0.9152 0.0156 0.0576 0.0116
0.0896 0.0216 0.0096 0.8791
0.0237 0.9191 0.0137 0.0436
0.8852 0.0156 0.0196 0.0796
0.0156 0.0156 0.0116 0.9572
0.0496 0.8832 0.0256 0.0416

>M11	8.88550015826209	2.986463852588144E-5	5.950950241821766
0.0174 0.0213 0.0213 0.9401
0.0174 0.0135 0.9517 0.0174
0.0213 0.0213 0.9363 0.0213
0.8121 0.0096 0.0174 0.1608
0.0096 0.8549 0.0367 0.0988
0.0329 0.1143 0.0096 0.8432
0.0096 0.8936 0.0678 0.029
0.0096 0.029 0.9052 0.0561

>M12	8.223614146183468	2.4887198771567867E-5	5.892923210537592
0.844 0.1135 0.0287 0.0138
0.9277 0.0255 0.034 0.0128
0.0213 0.0181 0.017 0.9436
0.0309 0.899 0.017 0.0531
0.9171 0.0213 0.0488 0.0128
0.0594 0.0265 0.0096 0.9044
0.0213 0.934 0.0128 0.0319
0.7029 0.016 0.2068 0.0743

>M13	8.4453113597747	2.239847889441108E-5	5.032380677104568
0.0227 0.1233 0.0096 0.8444
0.0446 0.0096 0.8924 0.0534
0.0839 0.0096 0.8793 0.0271
0.9318 0.0184 0.0139 0.0359
0.9143 0.0096 0.0271 0.0489
0.2282 0.0096 0.0096 0.7526
0.0402 0.0096 0.0096 0.9406
0.0096 0.0402 0.9231 0.0271

>M14	9.534376724965522	2.3642838832989474E-5	4.91149058575419
0.0096 0.0096 0.9712 0.0096
0.0096 0.0096 0.9712 0.0096
0.8688 0.0096 0.1119 0.0096
0.0096 0.9712 0.0096 0.0096
0.1324 0.8484 0.0096 0.0096
0.0096 0.9507 0.0301 0.0096
0.0301 0.0096 0.9302 0.0301
0.9712 0.0096 0.0096 0.0096

>M15	8.661142208636978	2.4887198771567867E-5	4.861154663546235
0.0385 0.0096 0.0192 0.9327
0.0096 0.0096 0.9712 0.0096
0.9615 0.0096 0.0096 0.0192
0.9712 0.0096 0.0096 0.0096
0.2596 0.7019 0.0288 0.0096
0.1154 0.0288 0.8269 0.0288
0.0288 0.0096 0.9423 0.0192
0.9712 0.0096 0.0096 0.0096

>M16	9.630098793339279	2.115411895583269E-5	4.841042618791051
0.0096 0.0096 0.9712 0.0096
0.0096 0.0288 0.9519 0.0096
0.0096 0.0096 0.0481 0.9327
0.0096 0.9519 0.0288 0.0096
0.0096 0.0096 0.0096 0.9712
0.0096 0.9712 0.0096 0.0096
0.0481 0.0288 0.8558 0.0673
0.9519 0.0288 0.0096 0.0096

>M17	8.088873215846053	2.8620278587303048E-5	4.606056252541657
0.8881 0.0096 0.0096 0.0927
0.8821 0.0096 0.0274 0.0809
0.0334 0.0096 0.0274 0.9296
0.0334 0.8999 0.0334 0.0334
0.9355 0.0156 0.0156 0.0334
0.0334 0.0393 0.0156 0.9117
0.0334 0.0096 0.0334 0.9237
0.0096 0.0393 0.9059 0.0452

>M18	8.454377447752819	2.3642838832989474E-5	4.59270242400176
0.0096 0.0212 0.0328 0.9364
0.8206 0.0096 0.0096 0.1602
0.0212 0.0212 0.9365 0.0212
0.9712 0.0096 0.0096 0.0096
0.9364 0.0096 0.0096 0.0443
0.0328 0.0096 0.0096 0.948
0.0443 0.9364 0.0096 0.0096
0.0096 0.0096 0.9248 0.056

>M19	8.59459309987102	3.7330798157351806E-5	4.591262176077958
0.1873 0.7621 0.041 0.0096
0.8248 0.1141 0.0096 0.0514
0.9712 0.0096 0.0096 0.0096
0.9398 0.0096 0.0305 0.0201
0.0723 0.8458 0.0723 0.0096
0.0201 0.0096 0.9398 0.0305
0.0201 0.0201 0.9502 0.0096
0.9712 0.0096 0.0096 0.0096

>M20	8.696486722676891	3.484207828019502E-5	4.5870237428494836
0.0314 0.0206 0.0096 0.9384
0.0424 0.7526 0.1736 0.0314
0.0424 0.9384 0.0096 0.0096
0.9492 0.0206 0.0096 0.0206
0.0206 0.0642 0.0206 0.8946
0.0314 0.0096 0.9384 0.0206
0.0206 0.0642 0.851 0.0642
0.9492 0.0206 0.0096 0.0206

>M21	9.509678550010154	2.115411895583269E-5	4.508268777675004
0.0752 0.9056 0.0096 0.0096
0.0096 0.0096 0.9493 0.0314
0.0314 0.0096 0.9493 0.0096
0.9712 0.0096 0.0096 0.0096
0.9712 0.0096 0.0096 0.0096
0.0096 0.0314 0.0096 0.9493
0.0096 0.8619 0.1188 0.0096
0.0096 0.0534 0.9056 0.0314

>M22	8.444924393354384	2.3642838832989474E-5	4.4427693318409105
0.0371 0.0096 0.2386 0.7147
0.1837 0.0279 0.7697 0.0187
0.962 0.0187 0.0096 0.0096
0.9712 0.0096 0.0096 0.0096
0.0279 0.0096 0.0096 0.9529
0.0645 0.0096 0.9162 0.0096
0.0829 0.8979 0.0096 0.0096
0.9162 0.0554 0.0096 0.0187

>M23	8.27549245949221	2.239847889441108E-5	4.408906830430735
0.0369 0.0915 0.8291 0.0424
0.8728 0.0151 0.0915 0.0206
0.9384 0.026 0.0151 0.0206
0.9602 0.0151 0.0151 0.0096
0.0479 0.1735 0.0096 0.769
0.0369 0.0314 0.9111 0.0206
0.8564 0.0151 0.1025 0.026
0.9493 0.0096 0.0151 0.026

>M24	8.396772678776792	2.239847889441108E-5	4.240931640849109
0.9002 0.0412 0.049 0.0096
0.049 0.0096 0.0096 0.9317
0.0175 0.1042 0.8371 0.0411
0.9475 0.0175 0.0254 0.0096
0.9317 0.0096 0.0254 0.0333
0.0569 0.0412 0.0096 0.8923
0.0096 0.0885 0.2224 0.6795
0.0175 0.0175 0.9475 0.0175

>M25	8.84285514734836	2.115411895583269E-5	4.225891040267869
0.0096 0.0096 0.0096 0.9712
0.0331 0.9242 0.0096 0.0331
0.0096 0.0565 0.9242 0.0096
0.9477 0.0331 0.0096 0.0096
0.9712 0.0096 0.0096 0.0096
0.0096 0.0096 0.9712 0.0096
0.9477 0.0331 0.0096 0.0096
0.1269 0.0096 0.8538 0.0096

>M26	8.322151687908317	2.8620278587303048E-5	4.167133787150111
0.9459 0.0096 0.0096 0.0349
0.9459 0.0096 0.0096 0.0349
0.0096 0.0096 0.0096 0.9712
0.0349 0.0096 0.0223 0.9332
0.9585 0.0096 0.0096 0.0223
0.0096 0.0096 0.0602 0.9206
0.0096 0.8193 0.1614 0.0096
0.0096 0.1614 0.8193 0.0096

>M27	8.088539155108265	2.239847889441108E-5	4.139872033127371
0.0096 0.2129 0.0409 0.7366
0.0174 0.0174 0.0174 0.9478
0.0487 0.8069 0.1269 0.0174
0.8773 0.0253 0.0096 0.0878
0.9086 0.0253 0.0096 0.0565
0.9477 0.0096 0.0174 0.0253
0.0096 0.0096 0.0878 0.893
0.0331 0.0253 0.9086 0.0331

>M28	7.981162043621897	2.4887198771567867E-5	3.9837168532195606
0.9085 0.041 0.0305 0.0201
0.0723 0.0305 0.0201 0.8771
0.8457 0.0096 0.0514 0.0933
0.9607 0.0201 0.0096 0.0096
0.0305 0.0096 0.0096 0.9503
0.0096 0.9293 0.0096 0.0514
0.1037 0.8771 0.0096 0.0096
0.8562 0.041 0.0096 0.0933

>M29	7.772324314400471	3.484207828019502E-5	3.6187820564758892
0.8063 0.0645 0.0096 0.1195
0.8887 0.0554 0.0096 0.0462
0.9529 0.0279 0.0096 0.0096
0.0096 0.0096 0.0737 0.907
0.0645 0.092 0.0096 0.8338
0.0096 0.0371 0.8887 0.0645
0.9346 0.0279 0.0188 0.0188
0.8521 0.0096 0.0187 0.1195