>M0	8.21537153121577	2.115411895583269E-5	7.60876838323
0.9323 0.0257 0.0201 0.0219
0.9286 0.0253 0.0271 0.0189
0.0447 0.0395 0.0268 0.889
0.0447 0.079 0.8256 0.0507
0.0439 0.0447 0.8809 0.0305
0.9397 0.0201 0.0197 0.0205
0.8953 0.0522 0.0257 0.0268
0.0443 0.0316 0.0205 0.9036

>M1	8.218190565033566	2.115411895583269E-5	7.3724428856
0.0963 0.0302 0.8267 0.0467
0.9347 0.0217 0.0269 0.0166
0.9297 0.0254 0.0236 0.0213
0.0519 0.0335 0.0383 0.8763
0.0508 0.0798 0.8201 0.0493
0.0361 0.0467 0.8918 0.0254
0.9388 0.0199 0.0188 0.0225
0.8939 0.0552 0.0269 0.0239

>M2	8.419997502563294	2.8620278587303048E-5	7.18522156719
0.9253 0.0254 0.0244 0.0249
0.0336 0.0295 0.0269 0.91
0.0376 0.0147 0.9289 0.0188
0.0356 0.0391 0.9024 0.0229
0.9478 0.0163 0.0172 0.0188
0.8785 0.0636 0.032 0.0259
0.0325 0.0198 0.0223 0.9254
0.0513 0.6849 0.1965 0.0672

>M3	8.957357112236526	3.1108998464459835E-5	7.10131420069
0.0457 0.6482 0.2091 0.097
0.1128 0.0232 0.8054 0.0586
0.9407 0.0169 0.0271 0.0153
0.9519 0.0147 0.0181 0.0153
0.0293 0.0181 0.0288 0.9238
0.0226 0.0102 0.9497 0.0175
0.0378 0.0327 0.9109 0.0187
0.9385 0.0181 0.0136 0.0299

>M4	8.932856459343675	3.235335840303823E-5	7.03419784639
0.0312 0.033 0.0188 0.917
0.0312 0.6623 0.2133 0.0933
0.1173 0.0256 0.7983 0.0588
0.9441 0.0145 0.0268 0.0145
0.9521 0.0133 0.0188 0.0158
0.0275 0.0188 0.017 0.9366
0.0219 0.0109 0.952 0.0152
0.0361 0.0324 0.9114 0.0201

>M5	7.309239019876221	4.479695778882216E-5	6.97114577457
0.0547 0.042 0.0372 0.8661
0.042 0.0382 0.0313 0.8885
0.0547 0.0443 0.0385 0.8625
0.0606 0.0492 0.0495 0.8407
0.0566 0.0524 0.0434 0.8476
0.0443 0.046 0.0339 0.8758
0.0294 0.0437 0.0281 0.8988
0.0446 0.0576 0.0327 0.8651

>M6	7.3830702323266735	4.106387797308698E-5	6.54688126427
0.0601 0.049 0.0333 0.8576
0.0443 0.0307 0.0254 0.8996
0.0364 0.0333 0.0312 0.8991
0.1011 0.0464 0.0464 0.8061
0.7992 0.049 0.0407 0.1111
0.9012 0.0359 0.0254 0.0375
0.8996 0.0307 0.0354 0.0343
0.855 0.0359 0.0501 0.059

>M7	10.134413990916887	2.986463852588144E-5	6.41398116363
0.0276 0.879 0.046 0.0474
0.0322 0.8767 0.0322 0.0588
0.0322 0.8883 0.0446 0.0349
0.076 0.8049 0.0575 0.0616
0.0865 0.0225 0.7971 0.0938
0.022 0.9049 0.0501 0.023
0.022 0.9039 0.0451 0.0289
0.0317 0.8712 0.0289 0.0681

>M8	7.331252949585412	4.230823791166538E-5	6.39804671026
0.046 0.0664 0.8147 0.0729
0.9395 0.0208 0.0236 0.0162
0.905 0.0273 0.045 0.0227
0.0431 0.018 0.0255 0.9135
0.0599 0.8538 0.0217 0.0645
0.9023 0.0329 0.0347 0.0301
0.0534 0.0394 0.0311 0.8762
0.0245 0.8799 0.0283 0.0673

>M9	10.095363753396729	2.8620278587303048E-5	6.35501021437
0.0277 0.889 0.039 0.0442
0.0344 0.8828 0.0484 0.0344
0.0813 0.8081 0.0452 0.0654
0.0737 0.0096 0.8184 0.0984
0.0246 0.9355 0.0096 0.0303
0.0246 0.8885 0.0442 0.0427
0.0277 0.8504 0.0437 0.0783
0.0473 0.8597 0.0462 0.0467

>M10	7.850757113662656	3.1108998464459835E-5	6.31205636892
0.8868 0.0658 0.026 0.0214
0.9032 0.0313 0.0377 0.0278
0.0459 0.0241 0.0305 0.8995
0.0404 0.8933 0.025 0.0414
0.9041 0.0295 0.035 0.0313
0.0631 0.0404 0.0268 0.8697
0.0404 0.8869 0.0359 0.0368
0.7863 0.0214 0.1256 0.0667

>M11	7.481503210157268	3.608643821877341E-5	6.26823972701
0.026 0.0233 0.0191 0.9316
0.03 0.9126 0.0164 0.041
0.9386 0.0137 0.0191 0.0287
0.0151 0.0218 0.0191 0.9439
0.0437 0.7464 0.0641 0.1458
0.1009 0.0368 0.7778 0.0845
0.9044 0.0396 0.0437 0.0123
0.9548 0.0096 0.0178 0.0178

>M12	9.306367630680228	2.4887198771567867E-5	6.20030412395
0.0272 0.8706 0.0399 0.0623
0.0914 0.0096 0.0533 0.8457
0.0248 0.8572 0.0617 0.0563
0.0254 0.8972 0.0241 0.0533
0.0544 0.0369 0.0096 0.899
0.0296 0.8451 0.0557 0.0696
0.0502 0.8657 0.029 0.0551
0.0605 0.8245 0.0399 0.0751

>M13	7.363862940854311	3.235335840303823E-5	6.19241812276
0.0983 0.0662 0.0569 0.7787
0.0771 0.0434 0.0577 0.8218
0.0527 0.0442 0.0391 0.8639
0.0493 0.0501 0.0434 0.8572
0.0096 0.0527 0.046 0.8917
0.0096 0.0485 0.0425 0.8994
0.8935 0.0594 0.0375 0.0096
0.9222 0.0366 0.0315 0.0096

>M14	9.19091821453182	3.484207828019502E-5	6.18567510785
0.03 0.8824 0.0403 0.0473
0.0275 0.9207 0.0224 0.0294
0.7113 0.0766 0.0984 0.1137
0.0282 0.8664 0.0594 0.046
0.0282 0.8907 0.0313 0.0498
0.0479 0.0582 0.0364 0.8575
0.0249 0.8901 0.0447 0.0403
0.0403 0.8977 0.0262 0.0358

>M15	10.1548175320717	2.239847889441108E-5	6.16382384695
0.0533 0.0783 0.8087 0.0597
0.0271 0.8965 0.0376 0.0387
0.0294 0.8612 0.055 0.0544
0.0346 0.8851 0.0451 0.0352
0.0585 0.8187 0.0626 0.0603
0.0521 0.0277 0.8541 0.0661
0.023 0.9025 0.0498 0.0247
0.0247 0.8938 0.0463 0.0352

>M16	8.819068546631755	2.4887198771567867E-5	6.14910589933
0.0329 0.8752 0.043 0.0489
0.0323 0.8924 0.0263 0.0489
0.0543 0.0335 0.0489 0.8633
0.0197 0.8543 0.0603 0.0657
0.0305 0.8835 0.0251 0.0609
0.0275 0.8954 0.0234 0.0538
0.0878 0.0919 0.046 0.7743
0.0269 0.8524 0.0711 0.0496

>M17	7.33553966427381	2.4887198771567867E-5	6.11284756303
0.0096 0.0642 0.0339 0.8922
0.0314 0.0508 0.0415 0.8762
0.0281 0.0575 0.0474 0.867
0.0458 0.8627 0.0819 0.0096
0.092 0.8728 0.0256 0.0096
0.0096 0.0642 0.0231 0.9031
0.039 0.0727 0.0634 0.8249
0.0449 0.092 0.0508 0.8123

>M18	9.204479827343004	2.4887198771567867E-5	6.09831760134
0.0341 0.8695 0.0413 0.055
0.081 0.0096 0.0587 0.8508
0.0096 0.8082 0.0832 0.099
0.0449 0.8638 0.0334 0.0579
0.0356 0.9308 0.024 0.0096
0.0521 0.0096 0.0601 0.8782
0.0284 0.8522 0.0709 0.0486
0.0413 0.8508 0.0334 0.0745

>M19	9.885277179083392	2.613155871014626E-5	6.05905505398
0.0792 0.0809 0.7804 0.0595
0.0618 0.0698 0.82 0.0484
0.0096 0.0998 0.8445 0.0461
0.0555 0.0096 0.9 0.0349
0.0096 0.0096 0.953 0.0278
0.0096 0.9031 0.0096 0.0777
0.0571 0.0508 0.8311 0.0611
0.031 0.0468 0.8833 0.0389

>M20	7.391330110074275	4.604131772740056E-5	6.03438435353
0.8834 0.0275 0.0394 0.0497
0.8594 0.0437 0.042 0.0548
0.8655 0.0275 0.0394 0.0676
0.0548 0.0744 0.0445 0.8263
0.8399 0.0454 0.0625 0.0522
0.0582 0.0352 0.0403 0.8663
0.0514 0.0361 0.0454 0.8672
0.0335 0.0352 0.0352 0.8962

>M21	8.379821088775373	2.8620278587303048E-5	6.02828152706
0.0852 0.0433 0.8045 0.067
0.0815 0.0342 0.8345 0.0497
0.0096 0.0379 0.9083 0.0442
0.0897 0.0442 0.8373 0.0288
0.9475 0.0096 0.0096 0.0333
0.9111 0.0314 0.0096 0.0479
0.0688 0.0187 0.8855 0.0269
0.0697 0.077 0.8045 0.0488

>M22	7.458032054715446	3.7330798157351806E-5	6.01885831392
0.0734 0.0518 0.0312 0.8436
0.0528 0.0469 0.0411 0.8592
0.0096 0.0567 0.0567 0.8769
0.8926 0.0509 0.0469 0.0096
0.9123 0.0253 0.0243 0.0381
0.8662 0.043 0.0439 0.0469
0.8279 0.0498 0.0469 0.0754
0.0096 0.0685 0.0803 0.8416

>M23	9.725271535423925	2.613155871014626E-5	6.00183211658
0.0423 0.8671 0.0096 0.081
0.0431 0.8473 0.0445 0.0651
0.0665 0.8148 0.0589 0.0597
0.0507 0.8769 0.0431 0.0293
0.9066 0.0096 0.0096 0.0741
0.0445 0.0096 0.893 0.0529
0.0347 0.8693 0.062 0.0339
0.0659 0.8306 0.0415 0.062

>M24	9.612353718464657	2.8620278587303048E-5	5.99879205326
0.066 0.0653 0.8005 0.0683
0.0653 0.0415 0.8391 0.0541
0.0437 0.0689 0.8391 0.0482
0.0549 0.8865 0.0096 0.0489
0.0318 0.9082 0.0096 0.0504
0.0845 0.0645 0.0096 0.8413
0.0282 0.0274 0.9044 0.04
0.0467 0.0437 0.8754 0.0341

>M25	8.568555262362459	2.986463852588144E-5	5.99837980526
0.0457 0.0774 0.8275 0.0494
0.0325 0.8753 0.0583 0.0339
0.073 0.0561 0.0737 0.7972
0.0295 0.0243 0.9203 0.0259
0.0472 0.0339 0.8783 0.0406
0.0494 0.0538 0.8783 0.0185
0.8488 0.0398 0.0649 0.0464
0.0435 0.0406 0.8746 0.0413

>M26	8.732623476406303	2.8620278587303048E-5	5.97463076433
0.0407 0.8342 0.0518 0.0733
0.04 0.8749 0.0288 0.0563
0.0407 0.872 0.0296 0.0577
0.0392 0.074 0.0237 0.8631
0.0459 0.0785 0.0548 0.8209
0.0259 0.0815 0.0429 0.8498
0.0222 0.9001 0.034 0.0437
0.0355 0.869 0.0214 0.074

>M27	8.541794867440586	2.613155871014626E-5	5.97457557731
0.0536 0.0327 0.8595 0.0542
0.0427 0.0564 0.8704 0.0305
0.0334 0.8927 0.047 0.0269
0.0722 0.0398 0.0542 0.8337
0.024 0.0664 0.8654 0.0441
0.0513 0.8524 0.0693 0.0269
0.8063 0.0478 0.0636 0.0823
0.0269 0.0377 0.9049 0.0305

>M28	7.856758106589805	2.115411895583269E-5	5.97332030084
0.8773 0.0645 0.0096 0.0486
0.8143 0.0376 0.0945 0.0536
0.8234 0.0636 0.0745 0.0386
0.9172 0.0636 0.0096 0.0096
0.0096 0.0315 0.8923 0.0665
0.0096 0.0715 0.8613 0.0575
0.8534 0.0465 0.0665 0.0336
0.8722 0.0396 0.0526 0.0356

>M29	8.46219295134965	5.848491711318449E-5	5.96068512657
0.0096 0.077 0.8803 0.0331
0.8656 0.0624 0.0096 0.0624
0.0624 0.0213 0.8783 0.038
0.0096 0.0761 0.8901 0.0242
0.9008 0.0096 0.0096 0.08
0.0096 0.035 0.9194 0.036
0.081 0.0516 0.8207 0.0467
0.1083 0.0859 0.7571 0.0488

>M30	9.235870595570134	2.7375918648724654E-5	5.95553927611
0.0824 0.0313 0.8285 0.0579
0.0814 0.0333 0.8373 0.048
0.0805 0.0628 0.8215 0.0352
0.9396 0.0096 0.0096 0.0412
0.9131 0.0096 0.0096 0.0677
0.0096 0.0303 0.914 0.0461
0.0096 0.0333 0.8973 0.0598
0.0863 0.0579 0.7644 0.0913

>M31	8.30577673652332	4.230823791166538E-5	5.9541354133
0.0259 0.9047 0.0325 0.0369
0.0886 0.0465 0.0399 0.825
0.0369 0.0554 0.8509 0.0568
0.0339 0.8509 0.0628 0.0524
0.0413 0.8561 0.0384 0.0642
0.0317 0.9011 0.0207 0.0465
0.0789 0.048 0.0428 0.8303
0.0266 0.0598 0.8708 0.0428

>M32	8.723368185821705	2.613155871014626E-5	5.95072378921
0.0349 0.8421 0.0636 0.0594
0.0505 0.8649 0.039 0.0456
0.0496 0.8911 0.0284 0.0309
0.8135 0.0423 0.0538 0.0905
0.0349 0.0186 0.914 0.0325
0.0529 0.084 0.8446 0.0186
0.8536 0.0096 0.0823 0.0545
0.0668 0.0096 0.8723 0.0512

>M33	9.092631862352277	2.115411895583269E-5	5.94171599365
0.1023 0.0527 0.7782 0.0667
0.0096 0.0398 0.9054 0.0452
0.0096 0.098 0.8677 0.0247
0.9043 0.0096 0.0096 0.0764
0.0096 0.0797 0.8827 0.028
0.9118 0.0096 0.0096 0.0689
0.0096 0.0462 0.8817 0.0624
0.0872 0.0754 0.7912 0.0462

>M34	8.648037172714432	4.9774397543135734E-5	5.94062956278
0.0319 0.841 0.0674 0.0597
0.0277 0.9051 0.0339 0.0333
0.0562 0.059 0.0465 0.8382
0.0298 0.0367 0.903 0.0305
0.0388 0.0458 0.8814 0.0339
0.059 0.0402 0.855 0.0458
0.0702 0.0736 0.8006 0.0556
0.0548 0.8557 0.0479 0.0416

>M35	8.464750615356675	2.239847889441108E-5	5.93487787596
0.056 0.8472 0.0497 0.0471
0.9061 0.0096 0.0328 0.0515
0.0578 0.8633 0.0426 0.0363
0.8275 0.0542 0.0355 0.0828
0.0542 0.7982 0.1077 0.0399
0.8873 0.0488 0.0257 0.0382
0.0399 0.9132 0.0096 0.0373
0.8641 0.056 0.0409 0.039

>M36	7.32378349420777	2.986463852588144E-5	5.92091508254
0.8567 0.0679 0.0658 0.0096
0.0096 0.0361 0.0559 0.8985
0.0096 0.0327 0.0559 0.9018
0.0382 0.0745 0.0393 0.848
0.8304 0.0756 0.0844 0.0096
0.0481 0.0492 0.0404 0.8623
0.0503 0.0349 0.0426 0.8722
0.0636 0.047 0.0437 0.8457

>M37	7.345262893527426	5.226311742029252E-5	5.91795538539
0.0819 0.0724 0.0511 0.7946
0.8488 0.066 0.0756 0.0096
0.0607 0.0384 0.0298 0.8712
0.0458 0.0384 0.0373 0.8786
0.0373 0.0288 0.0149 0.919
0.0554 0.0447 0.0384 0.8616
0.0096 0.0607 0.0479 0.8818
0.8436 0.084 0.0628 0.0096

>M38	9.241380613058013	2.4887198771567867E-5	5.90511354464
0.0717 0.0447 0.8148 0.0687
0.0487 0.0667 0.86 0.0246
0.866 0.0587 0.0096 0.0657
0.0687 0.0416 0.855 0.0346
0.0487 0.0767 0.8129 0.0617
0.0096 0.9481 0.0096 0.0327
0.0096 0.0788 0.0096 0.902
0.0337 0.0497 0.869 0.0477

>M39	7.839948470913388	2.7375918648724654E-5	5.90416832736
0.898 0.029 0.0096 0.0634
0.0508 0.0199 0.8945 0.0348
0.0919 0.0668 0.8054 0.0359
0.8923 0.0885 0.0096 0.0096
0.9152 0.0279 0.0096 0.0473
0.1183 0.0702 0.7447 0.0668
0.8602 0.0554 0.0096 0.0748
0.0096 0.0428 0.9071 0.0405

>M40	8.317850190503872	3.484207828019502E-5	5.90000824782
0.8702 0.0498 0.0096 0.0704
0.057 0.0194 0.8907 0.0329
0.0695 0.0418 0.8558 0.0329
0.057 0.0668 0.838 0.0382
0.0096 0.8711 0.0883 0.0311
0.8549 0.0481 0.0096 0.0874
0.0382 0.0292 0.8997 0.0329
0.0641 0.0641 0.8157 0.0561

>M41	8.566186757252932	2.8620278587303048E-5	5.89536792422
0.0423 0.8472 0.0443 0.0662
0.0522 0.0949 0.0334 0.8195
0.0393 0.0096 0.0869 0.8641
0.0245 0.8612 0.0522 0.0621
0.0225 0.9196 0.0205 0.0374
0.0096 0.0096 0.0522 0.9286
0.0225 0.0096 0.8888 0.079
0.0691 0.7748 0.0959 0.0602

>M42	9.166761563322716	2.8620278587303048E-5	5.89337673477
0.0363 0.8302 0.034 0.0995
0.0362 0.0096 0.0296 0.9245
0.0252 0.0096 0.0096 0.9556
0.0285 0.799 0.0474 0.1251
0.0596 0.8979 0.0329 0.0096
0.0518 0.8889 0.0496 0.0096
0.0607 0.8712 0.0585 0.0096
0.0829 0.7624 0.0496 0.1051

>M43	7.664101562779226	2.115411895583269E-5	5.89270307925
0.0777 0.0974 0.0601 0.7648
0.0425 0.0667 0.0524 0.8384
0.0327 0.0799 0.037 0.8504
0.0392 0.0096 0.0678 0.8834
0.0491 0.8998 0.0414 0.0096
0.0524 0.0096 0.0228 0.9152
0.0568 0.8372 0.0963 0.0096
0.0623 0.0096 0.0173 0.9108

>M44	8.57165576975731	4.479695778882216E-5	5.89258709859
0.098 0.0663 0.7576 0.0782
0.0623 0.0096 0.844 0.0841
0.0663 0.8668 0.0096 0.0573
0.0593 0.8311 0.0434 0.0663
0.0513 0.8708 0.0683 0.0096
0.9712 0.0096 0.0096 0.0096
0.0513 0.0394 0.8788 0.0305
0.0642 0.0096 0.8887 0.0374

>M45	10.028124464909848	2.4887198771567867E-5	5.89057089014
0.0752 0.0822 0.8002 0.0424
0.0595 0.0096 0.8814 0.0494
0.0362 0.879 0.0487 0.0362
0.0291 0.9017 0.0096 0.0595
0.0331 0.8736 0.0635 0.0299
0.0728 0.8041 0.0689 0.0541
0.0455 0.0385 0.8698 0.0463
0.0377 0.8822 0.0572 0.0229

>M46	9.239188728433533	2.239847889441108E-5	5.87188949999
0.0792 0.8093 0.0783 0.0332
0.9297 0.0096 0.0511 0.0096
0.0416 0.0613 0.8874 0.0096
0.0237 0.8714 0.068 0.0369
0.0642 0.8225 0.0435 0.0698
0.0642 0.8686 0.0369 0.0303
0.8272 0.0971 0.0661 0.0096
0.0332 0.0501 0.8845 0.0322

>M47	9.113149518491465	2.4887198771567867E-5	5.8703251105
0.0743 0.0096 0.0096 0.9064
0.0343 0.8793 0.0767 0.0096
0.0096 0.8111 0.0461 0.1332
0.059 0.884 0.0473 0.0096
0.0696 0.8923 0.0285 0.0096
0.0956 0.0096 0.0096 0.8852
0.0379 0.8229 0.0696 0.0696
0.0449 0.8558 0.0332 0.0662

>M48	9.568904527071378	2.986463852588144E-5	5.86565956235
0.0563 0.0096 0.8258 0.1084
0.0454 0.9354 0.0096 0.0096
0.0389 0.8355 0.0574 0.0682
0.0714 0.8496 0.0096 0.0693
0.0367 0.8952 0.0313 0.0367
0.8833 0.0096 0.0096 0.0975
0.0313 0.0096 0.9137 0.0454
0.0802 0.7845 0.0975 0.0378

>M49	8.854077430508479	8.088339600759558E-5	5.86432532848
0.0259 0.0096 0.919 0.0455
0.0285 0.8643 0.078 0.0292
0.0652 0.8079 0.0694 0.0575
0.0446 0.0677 0.8345 0.0532
0.019 0.8985 0.0523 0.0301
0.054 0.8285 0.0609 0.0566
0.0489 0.0096 0.8908 0.0507
0.0369 0.8678 0.06 0.0353

>M50	7.464550246702775	2.613155871014626E-5	5.86306171174
0.0564 0.0096 0.0377 0.8962
0.0485 0.0096 0.086 0.856
0.0512 0.0096 0.0672 0.872
0.1047 0.789 0.0966 0.0096
0.0096 0.0096 0.0257 0.9551
0.0096 0.1047 0.0591 0.8265
0.0431 0.0096 0.0552 0.8921
0.0765 0.8333 0.0806 0.0096

>M51	9.11351891287774	2.7375918648724654E-5	5.85344471987
0.0611 0.8187 0.0761 0.0441
0.0415 0.902 0.0264 0.03
0.7895 0.0575 0.0601 0.0929
0.0407 0.0451 0.8834 0.0309
0.046 0.9207 0.0096 0.0238
0.8303 0.0512 0.0441 0.0743
0.0407 0.0761 0.8524 0.0309
0.0565 0.895 0.0096 0.0388

>M52	8.56457302058962	2.4887198771567867E-5	5.84512515958
0.0626 0.0839 0.8255 0.028
0.8561 0.0717 0.0096 0.0626
0.0493 0.0096 0.8927 0.0484
0.0504 0.8927 0.0096 0.0473
0.0096 0.0657 0.0096 0.9151
0.0289 0.0371 0.8866 0.0473
0.0626 0.0513 0.8133 0.0728
0.0636 0.0595 0.8296 0.0473

>M53	7.767007568332346	4.230823791166538E-5	5.84411455641
0.0406 0.066 0.0387 0.8547
0.0284 0.0725 0.0669 0.8322
0.0312 0.8518 0.0425 0.0744
0.0303 0.898 0.0199 0.0518
0.0359 0.0594 0.0237 0.8811
0.0218 0.8773 0.0443 0.0565
0.0585 0.0462 0.0246 0.8707
0.0387 0.0575 0.8321 0.0716

>M54	7.314052293973354	2.613155871014626E-5	5.83643777231
0.0096 0.0567 0.8724 0.0612
0.8579 0.0354 0.0668 0.0399
0.9117 0.031 0.0287 0.0287
0.8983 0.0556 0.0365 0.0096
0.0892 0.0489 0.0096 0.8523
0.0781 0.0399 0.832 0.05
0.8141 0.0512 0.0892 0.0455
0.869 0.031 0.0522 0.0478

>M55	8.573103860273807	2.613155871014626E-5	5.8281350593
0.0425 0.0974 0.7978 0.0623
0.0392 0.8834 0.0491 0.0283
0.0931 0.0096 0.0096 0.8877
0.0261 0.0096 0.8965 0.0678
0.0305 0.8768 0.0502 0.0425
0.104 0.0096 0.0096 0.8767
0.0238 0.0096 0.8998 0.0667
0.0612 0.7834 0.0854 0.07

>M56	9.703773918372534	2.8620278587303048E-5	5.82707306097
0.0371 0.878 0.0585 0.0264
0.8495 0.0096 0.0593 0.0815
0.03 0.0096 0.9277 0.0327
0.0345 0.0096 0.9028 0.0531
0.0496 0.8184 0.0727 0.0593
0.0478 0.838 0.0415 0.0727
0.0451 0.8566 0.0407 0.0576
0.0673 0.8212 0.0487 0.0629

>M57	7.664684701329499	3.359771834161662E-5	5.82629449634
0.0096 0.0369 0.0246 0.9288
0.0384 0.0356 0.0274 0.8987
0.0424 0.0479 0.0356 0.8741
0.0766 0.8562 0.0575 0.0096
0.0793 0.0096 0.0274 0.8837
0.7496 0.1204 0.1204 0.0096
0.0602 0.0534 0.0288 0.8577
0.0369 0.0315 0.0452 0.8863

>M58	9.628351230821455	2.3642838832989474E-5	5.81971220605
0.0498 0.0096 0.8603 0.0803
0.0411 0.8603 0.0636 0.0351
0.0302 0.8818 0.0371 0.0509
0.0096 0.0096 0.0763 0.9044
0.0243 0.0096 0.9289 0.0371
0.0439 0.0724 0.8269 0.0567
0.0381 0.8406 0.0803 0.0411
0.0596 0.8054 0.0626 0.0724

>M59	9.850849211521101	2.4887198771567867E-5	5.81630281531
0.0661 0.9147 0.0096 0.0096
0.0994 0.8235 0.0675 0.0096
0.0096 0.8278 0.0096 0.153
0.082 0.8191 0.0096 0.0892
0.0096 0.9219 0.0096 0.0588
0.9712 0.0096 0.0096 0.0096
0.056 0.8698 0.0096 0.0646
0.0705 0.8104 0.0516 0.0675

>M60	9.16363071916896	2.239847889441108E-5	5.80090217644
0.0638 0.0372 0.8279 0.0712
0.0627 0.0722 0.8428 0.0223
0.8374 0.0096 0.0935 0.0595
0.0488 0.0096 0.9043 0.0372
0.085 0.8555 0.0096 0.0499
0.0457 0.9128 0.0096 0.0319
0.8512 0.0638 0.0754 0.0096
0.0404 0.0532 0.8713 0.0351

>M61	7.255043527034822	4.479695778882216E-5	5.79938493142
0.0096 0.054 0.054 0.8823
0.8195 0.0787 0.0922 0.0096
0.8663 0.0676 0.0564 0.0096
0.0639 0.049 0.049 0.8381
0.0096 0.0528 0.0638 0.8738
0.0515 0.0454 0.0429 0.8602
0.0478 0.0515 0.0355 0.8652
0.0096 0.0441 0.0503 0.896

>M62	7.493180510792275	2.3642838832989474E-5	5.79791112048
0.0096 0.0863 0.0096 0.8944
0.884 0.0499 0.0564 0.0096
0.8723 0.0461 0.0343 0.0473
0.8644 0.0369 0.0435 0.0552
0.0096 0.0877 0.0734 0.8293
0.8957 0.0461 0.0096 0.0487
0.8462 0.0604 0.0409 0.0526
0.8307 0.0512 0.0487 0.0694

>M63	7.806978368432027	2.7375918648724654E-5	5.78696911105
0.0702 0.0096 0.0716 0.8485
0.0843 0.0096 0.0787 0.8274
0.0646 0.0096 0.0731 0.8527
0.0505 0.0096 0.0462 0.8937
0.0561 0.0096 0.0618 0.8724
0.0589 0.8556 0.0759 0.0096
0.0096 0.0096 0.0223 0.9585
0.0829 0.104 0.8034 0.0096

>M64	8.374265312427575	5.5996197236027705E-5	5.78660429585
0.8446 0.0552 0.0096 0.0906
0.0329 0.041 0.8922 0.0339
0.0481 0.873 0.0096 0.0693
0.043 0.8487 0.043 0.0653
0.041 0.8669 0.0319 0.0602
0.0096 0.0653 0.0633 0.8618
0.0349 0.0258 0.9004 0.0389
0.0511 0.0724 0.8172 0.0592

>M65	9.296337903968364	2.3642838832989474E-5	5.77735095973
0.047 0.8436 0.073 0.0364
0.8254 0.0451 0.0461 0.0835
0.0489 0.0288 0.8627 0.0595
0.0413 0.0096 0.9031 0.0461
0.048 0.8762 0.0489 0.0269
0.0096 0.0547 0.0566 0.879
0.0308 0.0422 0.8838 0.0432
0.0451 0.0807 0.8186 0.0557

>M66	9.61557802293672	2.115411895583269E-5	5.76949594075
0.0509 0.0096 0.8838 0.0558
0.0371 0.8847 0.0558 0.0224
0.8542 0.0096 0.0686 0.0676
0.0283 0.0499 0.8828 0.039
0.0381 0.9083 0.0096 0.044
0.0597 0.8111 0.0607 0.0686
0.0499 0.8631 0.0096 0.0774
0.0538 0.8071 0.0656 0.0735

>M67	9.12638642808703	2.4887198771567867E-5	5.76207396789
0.0868 0.1105 0.0096 0.7931
0.0308 0.8554 0.0594 0.0544
0.0732 0.8391 0.0245 0.0632
0.0483 0.8877 0.0295 0.0345
0.8329 0.0582 0.0096 0.0993
0.0532 0.0096 0.9064 0.0308
0.0096 0.0096 0.9238 0.0569
0.1092 0.0096 0.8715 0.0096

>M68	9.22495572413419	2.3642838832989474E-5	5.7614990344
0.0536 0.773 0.0745 0.0988
0.0443 0.8264 0.0455 0.0838
0.0096 0.8959 0.0316 0.0629
0.0096 0.0617 0.0096 0.919
0.0224 0.0096 0.9097 0.0583
0.0316 0.8715 0.0606 0.0362
0.0988 0.0548 0.0502 0.7962
0.0224 0.0096 0.919 0.049

>M69	8.437208226134647	3.7330798157351806E-5	5.7584158708
0.0482 0.0096 0.9156 0.0266
0.8317 0.0096 0.0935 0.0652
0.0607 0.0335 0.8963 0.0096
0.0425 0.0652 0.8294 0.0629
0.0335 0.8986 0.047 0.021
0.0901 0.0595 0.0096 0.8408
0.0288 0.0595 0.8601 0.0515
0.0924 0.8294 0.0096 0.0686

>M70	9.145210894016312	2.115411895583269E-5	5.74047988799
0.0646 0.0825 0.8433 0.0096
0.0489 0.8119 0.0859 0.0534
0.0534 0.8332 0.0455 0.068
0.0646 0.8746 0.0512 0.0096
0.8579 0.0668 0.0096 0.0657
0.0433 0.0096 0.9252 0.0219
0.8601 0.0512 0.0096 0.0791
0.0668 0.0096 0.8882 0.0354

>M71	8.309948392062022	2.115411895583269E-5	5.73899003567
0.0794 0.0096 0.0096 0.9013
0.101 0.8297 0.0597 0.0096
0.0096 0.0096 0.0472 0.9336
0.0096 0.0096 0.1242 0.8565
0.0454 0.7402 0.0723 0.1421
0.0096 0.8924 0.0186 0.0794
0.058 0.0096 0.0526 0.8798
0.0454 0.9354 0.0096 0.0096

>M72	7.978022463102651	2.7375918648724654E-5	5.73735802725
0.0648 0.0599 0.0574 0.8179
0.0452 0.9356 0.0096 0.0096
0.0661 0.028 0.0243 0.8816
0.0685 0.0746 0.8473 0.0096
0.0538 0.0661 0.0734 0.8068
0.0366 0.0096 0.0661 0.8877
0.039 0.0746 0.0488 0.8375
0.0096 0.0599 0.055 0.8755

>M73	8.512287695652173	4.355259785024377E-5	5.73399516721
0.0096 0.8629 0.0511 0.0764
0.0292 0.0902 0.0096 0.871
0.0315 0.8087 0.096 0.0638
0.0361 0.886 0.0281 0.0499
0.8825 0.0499 0.058 0.0096
0.0511 0.0223 0.8917 0.0349
0.0511 0.073 0.8411 0.0349
0.8526 0.096 0.0096 0.0418

>M74	7.848789721099127	2.8620278587303048E-5	5.7285753237
0.908 0.0096 0.0346 0.0478
0.8449 0.0537 0.0346 0.0668
0.0096 0.0522 0.0698 0.8684
0.1329 0.8479 0.0096 0.0096
0.8904 0.0434 0.0096 0.0566
0.8728 0.0434 0.0522 0.0316
0.8757 0.0419 0.0346 0.0478
0.0639 0.0507 0.061 0.8244

>M75	9.078366067060315	2.4887198771567867E-5	5.7273615564
0.0848 0.828 0.0096 0.0776
0.0096 0.9292 0.0096 0.0515
0.8931 0.0877 0.0096 0.0096
0.0762 0.0515 0.8193 0.053
0.053 0.0096 0.8729 0.0645
0.0096 0.8598 0.0805 0.0501
0.0963 0.0096 0.0096 0.8844
0.053 0.0096 0.8526 0.0848

>M76	8.641783510687777	3.608643821877341E-5	5.72632899779
0.0301 0.8601 0.0626 0.0472
0.0096 0.0096 0.0745 0.9063
0.054 0.1223 0.814 0.0096
0.066 0.7901 0.0096 0.1343
0.0779 0.9029 0.0096 0.0096
0.0813 0.7696 0.0096 0.1394
0.0096 0.937 0.0437 0.0096
0.0096 0.0096 0.0096 0.9712

>M77	7.798528263715941	2.115411895583269E-5	5.71700588505
0.8043 0.0602 0.0576 0.0779
0.8713 0.0374 0.0816 0.0096
0.0715 0.8562 0.0627 0.0096
0.9155 0.0425 0.0324 0.0096
0.0753 0.0413 0.0563 0.8271
0.0425 0.0337 0.0324 0.8915
0.0362 0.0462 0.0286 0.889
0.0639 0.0488 0.0462 0.8411

>M78	8.897700113258011	2.239847889441108E-5	5.70874661049
0.0724 0.9084 0.0096 0.0096
0.0096 0.0096 0.0096 0.9712
0.0505 0.9303 0.0096 0.0096
0.0578 0.8005 0.0373 0.1044
0.0826 0.7522 0.0665 0.0986
0.0738 0.815 0.0534 0.0578
0.888 0.0096 0.0928 0.0096
0.0753 0.0096 0.8617 0.0534

>M79	9.095263442947168	2.986463852588144E-5	5.69362924482
0.0489 0.8469 0.0096 0.0946
0.0541 0.8795 0.0567 0.0096
0.0096 0.0096 0.0946 0.8862
0.0476 0.0096 0.9332 0.0096
0.0423 0.8494 0.0541 0.0541
0.0855 0.0096 0.0881 0.8168
0.0345 0.8809 0.0096 0.075
0.0672 0.8155 0.0358 0.0815

>M80	9.834819855614178	2.7375918648724654E-5	5.6901504094
0.0446 0.0758 0.8259 0.0538
0.0238 0.905 0.0096 0.0615
0.0394 0.9413 0.0096 0.0096
0.0888 0.8311 0.0706 0.0096
0.0096 0.0953 0.8855 0.0096
0.0538 0.0913 0.8115 0.0434
0.0771 0.0745 0.7972 0.0511
0.0096 0.0096 0.9244 0.0563

>M81	9.190703892135808	2.115411895583269E-5	5.68678490067
0.0736 0.055 0.8072 0.0642
0.0352 0.0096 0.9037 0.0514
0.0387 0.8747 0.0352 0.0514
0.0491 0.0096 0.0701 0.8712
0.0213 0.8433 0.0817 0.0538
0.0642 0.0096 0.0514 0.8747
0.0259 0.0096 0.9188 0.0457
0.0585 0.8037 0.0957 0.0422

>M82	9.167341808165464	2.7375918648724654E-5	5.68673352018
0.0596 0.0096 0.1124 0.8183
0.0443 0.7628 0.1083 0.0846
0.0333 0.9141 0.0236 0.029
0.9128 0.0096 0.068 0.0096
0.0471 0.0096 0.9337 0.0096
0.0458 0.8753 0.0096 0.0693
0.068 0.8781 0.0443 0.0096
0.0624 0.8294 0.0305 0.0777

>M83	9.064991062149293	2.3642838832989474E-5	5.68233548321
0.0814 0.0399 0.8174 0.0612
0.0474 0.0096 0.8956 0.0474
0.0563 0.8451 0.089 0.0096
0.0827 0.0096 0.0563 0.8514
0.0311 0.893 0.0096 0.0663
0.0487 0.8805 0.026 0.0449
0.0096 0.0613 0.084 0.8452
0.0286 0.0827 0.8791 0.0096

>M84	8.845715753519375	2.3642838832989474E-5	5.66866936028
0.0716 0.0096 0.9091 0.0096
0.0547 0.8287 0.0477 0.0688
0.0477 0.8893 0.0534 0.0096
0.0646 0.0096 0.0716 0.8541
0.0308 0.95 0.0096 0.0096
0.0618 0.0096 0.0096 0.9189
0.0336 0.7696 0.1224 0.0744
0.0688 0.8019 0.0491 0.0801

>M85	8.345570406820222	5.848491711318449E-5	5.66361291958
0.0971 0.0592 0.834 0.0096
0.058 0.0814 0.851 0.0096
0.0488 0.8091 0.088 0.054
0.0514 0.898 0.041 0.0096
0.0645 0.0096 0.0723 0.8536
0.0187 0.9162 0.0096 0.0554
0.0096 0.0554 0.0096 0.9254
0.0423 0.0854 0.8143 0.058

>M86	8.609061366285097	2.239847889441108E-5	5.65493785817
0.0628 0.0096 0.0731 0.8545
0.0541 0.0096 0.0885 0.8478
0.0541 0.8701 0.0662 0.0096
0.097 0.8649 0.0285 0.0096
0.0096 0.0096 0.0422 0.9386
0.0353 0.0096 0.1262 0.8289
0.0405 0.8906 0.0593 0.0096
0.0953 0.8581 0.037 0.0096

>M87	7.885522091450667	3.608643821877341E-5	5.65255765008
0.0689 0.8675 0.054 0.0096
0.0738 0.0096 0.0376 0.8789
0.1035 0.0096 0.0096 0.8773
0.0491 0.0096 0.0722 0.869
0.054 0.8658 0.0706 0.0096
0.0688 0.8905 0.0311 0.0096
0.0903 0.8674 0.0327 0.0096
0.1265 0.0096 0.0442 0.8196

>M88	8.268352061919362	2.613155871014626E-5	5.64358698242
0.0757 0.8473 0.0674 0.0096
0.074 0.0096 0.0361 0.8803
0.046 0.0096 0.0988 0.8456
0.0377 0.0096 0.0591 0.8935
0.0427 0.8687 0.079 0.0096
0.0492 0.0096 0.0228 0.9184
0.0476 0.8241 0.0096 0.1187
0.0955 0.8621 0.0328 0.0096

>M89	9.120154456709344	2.4887198771567867E-5	5.6431101516
0.0753 0.83 0.0096 0.0851
0.0488 0.9068 0.0096 0.0348
0.8649 0.0697 0.0558 0.0096
0.046 0.0096 0.8942 0.0502
0.0558 0.8831 0.0096 0.0515
0.0795 0.8845 0.0096 0.0263
0.8663 0.0725 0.0515 0.0096
0.0655 0.0935 0.7951 0.046

>M90	8.673421192972256	5.972927705176288E-5	5.63226119894
0.0512 0.8329 0.0796 0.0362
0.8845 0.0096 0.0962 0.0096
0.0796 0.0096 0.9012 0.0096
0.0496 0.8695 0.0096 0.0712
0.1062 0.0096 0.088 0.7962
0.0496 0.8178 0.123 0.0096
0.068 0.8612 0.0612 0.0096
0.0096 0.9712 0.0096 0.0096

>M91	8.613644122320771	6.097363699034128E-5	5.63202179169
0.0312 0.9048 0.0544 0.0096
0.0096 0.0096 0.0428 0.938
0.0345 0.124 0.8318 0.0096
0.1157 0.0096 0.0096 0.8651
0.0312 0.7657 0.1223 0.0809
0.0378 0.9181 0.0345 0.0096
0.0096 0.8584 0.0428 0.0892
0.0809 0.8535 0.0561 0.0096

>M92	8.148107869540802	2.115411895583269E-5	5.63102037449
0.0442 0.0096 0.0096 0.9365
0.0529 0.0096 0.0631 0.8744
0.0327 0.8384 0.0558 0.0732
0.0399 0.8701 0.0255 0.0645
0.0096 0.0471 0.0457 0.8976
0.0327 0.0183 0.9062 0.0428
0.0876 0.1006 0.7561 0.0558
0.8296 0.0905 0.0096 0.0703

>M93	7.597333292383116	2.115411895583269E-5	5.62760508669
0.8948 0.053 0.0426 0.0096
0.8844 0.0235 0.0547 0.0374
0.9069 0.0461 0.0374 0.0096
0.9069 0.0391 0.0443 0.0096
0.0096 0.0825 0.079 0.8288
0.8479 0.0617 0.0808 0.0096
0.0096 0.1068 0.0842 0.7993
0.8514 0.0478 0.0912 0.0096

>M94	8.647610175926726	2.239847889441108E-5	5.62093980018
0.0493 0.0096 0.0493 0.8917
0.0285 0.123 0.0984 0.7502
0.0417 0.0096 0.0096 0.939
0.0398 0.8805 0.0701 0.0096
0.0701 0.8993 0.021 0.0096
0.0814 0.8748 0.0341 0.0096
0.0833 0.8748 0.0323 0.0096
0.1324 0.0096 0.0096 0.8484

>M95	8.453747631825664	4.604131772740056E-5	5.60822210326
0.0511 0.8667 0.0096 0.0726
0.0096 0.0096 0.0618 0.9189
0.025 0.9174 0.0096 0.048
0.0096 0.0695 0.0096 0.9113
0.0495 0.0434 0.8407 0.0664
0.1156 0.0096 0.7838 0.0911
0.0526 0.8821 0.0096 0.0557
0.0834 0.8021 0.0373 0.0772

>M96	10.008449831994731	2.8620278587303048E-5	5.59553744959
0.0395 0.848 0.0522 0.0603
0.0395 0.0096 0.9193 0.0315
0.0269 0.8663 0.0649 0.0418
0.0349 0.0971 0.8273 0.0407
0.043 0.8571 0.0695 0.0304
0.0269 0.0096 0.8905 0.073
0.0304 0.8697 0.0684 0.0315
0.0384 0.8169 0.0914 0.0534

>M97	7.883499841768671	2.613155871014626E-5	5.58879589691
0.097 0.7857 0.1077 0.0096
0.0949 0.0096 0.0459 0.8496
0.0266 0.0096 0.0096 0.9541
0.0459 0.0096 0.0096 0.9349
0.0352 0.9456 0.0096 0.0096
0.0693 0.8987 0.0224 0.0096
0.0842 0.0096 0.0522 0.8539
0.097 0.7366 0.1567 0.0096